0.161 0.146  -0.284 0.204
0.239 -0.152  -0.584 0.213
0.433 -0.173  -0.571 0.373
0.546 0.098  -0.275 0.592
0.696 -0.235  -0.672 0.537
0.453 -0.115  -0.522 0.422
0.114 -0.021  -0.460 0.158
0.502 0.100  -0.307 0.523
0.213 -0.055  -0.494 0.224
0.632 -0.117  -0.535 0.574
0.523 -0.296  -0.704 0.387
0.583 0.035  -0.373 0.601
0.063 0.133  -0.301 0.144
0.515 -0.048  -0.446 0.502
0.422 0.080  -0.321 0.436
0.644 -0.264  -0.683 0.483
0.451 -0.233  -0.653 0.356
0.644 0.035  -0.379 0.661
0.275 -0.267  -0.683 0.229
0.543 -0.143  -0.569 0.479
0.357 0.003  -0.402 0.350
0.313 -0.091  -0.503 0.307
0.301 0.032  -0.391 0.330
0.146 -0.296  -0.716 0.150
0.446 0.043  -0.356 0.454
0.183 -0.026  -0.466 0.215
0.469 0.061  -0.347 0.495
0.502 0.106  -0.273 0.557
0.581 0.098  -0.295 0.623
0.463 -0.262  -0.661 0.356
0.463 -0.204  -0.606 0.376
0.453 0.063  -0.321 0.462
0.345 -0.213  -0.644 0.268
0.469 -0.235  -0.649 0.367
0.153 -0.235  -0.657 0.155
0.104 -0.143  -0.588 0.135
0.420 -0.120  -0.526 0.390
0.571 -0.152  -0.572 0.488
0.522 0.006  -0.407 0.525
0.546 -0.058  -0.468 0.512
0.353 -0.060  -0.480 0.336
0.414 -0.204  -0.621 0.344
0.423 -0.318  -0.732 0.299
0.273 0.035  -0.388 0.293
0.439 -0.218  -0.638 0.345
0.196 -0.078  -0.511 0.221
0.532 -0.081  -0.489 0.488
0.592 -0.242  -0.670 0.456
0.308 0.101  -0.296 0.348
0.155 -0.117  -0.548 0.172
0.483 -0.282  -0.715 0.344
0.377 -0.078  -0.494 0.347
0.456 -0.038  -0.469 0.423
0.664 -0.242  -0.681 0.494
0.581 0.094  -0.290 0.634
0.472 0.126  -0.259 0.517
0.141 -0.152  -0.592 0.158
0.264 -0.192  -0.618 0.239
0.644 -0.035  -0.453 0.627
0.623 0.005  -0.422 0.603
0.515 0.132  -0.256 0.563
0.391 -0.173  -0.575 0.333
0.210 0.014  -0.400 0.245
0.565 -0.035  -0.465 0.540
0.632 -0.081  -0.509 0.583
0.463 -0.141  -0.552 0.410
0.267 0.052  -0.357 0.295
0.422 -0.037  -0.445 0.419
0.581 0.100  -0.282 0.615
0.331 0.054  -0.373 0.347
0.259 -0.276  -0.703 0.215
0.495 -0.078  -0.503 0.457
0.126 -0.152  -0.580 0.161
0.502 0.054  -0.342 0.528
0.324 -0.037  -0.466 0.318
0.233 0.098  -0.302 0.273
0.422 -0.091  -0.512 0.396
0.431 -0.235  -0.638 0.344
0.497 -0.078  -0.477 0.456
0.325 0.087  -0.321 0.351
0.331 0.158  -0.247 0.397
0.426 -0.184  -0.586 0.367
0.064 0.071  -0.380 0.140
0.407 -0.183  -0.589 0.328
0.497 0.046  -0.365 0.488
0.595 0.058  -0.356 0.612
0.592 -0.176  -0.592 0.488
0.282 -0.078  -0.491 0.275
0.614 0.100  -0.290 0.660
0.402 -0.097  -0.515 0.364
0.540 -0.003  -0.402 0.518
0.594 -0.034  -0.433 0.568
0.103 -0.235  -0.676 0.124
0.138 -0.235  -0.669 0.153
0.652 -0.040  -0.479 0.617
0.373 -0.204  -0.626 0.287
0.402 0.101  -0.296 0.419
0.276 -0.181  -0.606 0.233
0.565 0.097  -0.291 0.600
0.488 -0.072  -0.479 0.439
0.311 0.071  -0.341 0.331
0.074 -0.153  -0.606 0.114
0.465 -0.072  -0.476 0.428
0.451 -0.153  -0.555 0.383
0.141 0.104  -0.321 0.199
0.048 0.100  -0.347 0.109
0.308 -0.064  -0.506 0.287
0.364 -0.195  -0.617 0.290
0.310 0.164  -0.261 0.341
0.511 -0.184  -0.598 0.407
0.468 -0.163  -0.591 0.388
0.061 -0.193  -0.630 0.107
0.414 -0.080  -0.508 0.374
0.377 0.100  -0.285 0.388
0.092 -0.081  -0.515 0.143
0.302 -0.052  -0.483 0.295
0.635 0.091  -0.302 0.669
0.063 -0.267  -0.701 0.101
0.052 -0.193  -0.635 0.101
0.525 -0.163  -0.583 0.434
0.370 0.044  -0.354 0.377
0.624 -0.115  -0.552 0.529
0.545 0.132  -0.262 0.580
0.373 0.015  -0.397 0.376
0.555 -0.038  -0.449 0.528
0.422 0.132  -0.261 0.437
0.360 -0.100  -0.512 0.327
0.469 0.003  -0.414 0.463
0.261 0.055  -0.357 0.288
0.086 -0.195  -0.635 0.130
0.534 -0.193  -0.615 0.439
0.360 -0.080  -0.499 0.325
0.382 0.130  -0.282 0.400
0.250 -0.103  -0.540 0.229
0.048 0.087  -0.387 0.124
0.565 -0.025  -0.431 0.529
0.206 -0.184  -0.600 0.189
0.307 -0.071  -0.492 0.298
0.161 -0.153  -0.584 0.170
0.607 0.129  -0.261 0.643
0.172 0.106  -0.318 0.204
0.494 -0.224  -0.647 0.385
0.207 -0.120  -0.551 0.201
0.607 -0.078  -0.512 0.558
0.509 -0.114  -0.529 0.446
0.502 0.034  -0.393 0.485
0.509 0.057  -0.337 0.522
0.034 0.114  -0.334 0.109
0.607 -0.071  -0.492 0.545
0.489 0.043  -0.362 0.477
0.221 -0.181  -0.621 0.196
0.383 -0.150  -0.561 0.345
0.495 0.005  -0.413 0.479
0.448 -0.235  -0.644 0.350
0.548 -0.037  -0.437 0.512
0.296 0.069  -0.341 0.301
0.604 -0.252  -0.681 0.456
0.351 0.046  -0.367 0.351
0.394 -0.146  -0.555 0.345
0.216 -0.241  -0.660 0.195
0.210 0.103  -0.314 0.265
0.337 -0.066  -0.491 0.311
0.347 -0.278  -0.676 0.258
0.632 -0.161  -0.591 0.525
0.282 0.014  -0.396 0.302
0.434 -0.078  -0.500 0.377
0.594 -0.038  -0.471 0.549
0.270 0.164  -0.258 0.322
0.249 -0.048  -0.468 0.258
0.081 0.133  -0.304 0.146
0.405 -0.109  -0.543 0.342
0.549 0.049  -0.339 0.574
0.141 0.057  -0.396 0.175
0.531 0.109  -0.301 0.545
0.446 -0.071  -0.499 0.402
0.471 -0.081  -0.494 0.440
0.541 -0.245  -0.667 0.400
0.411 -0.193  -0.614 0.321
0.635 -0.201  -0.630 0.514
0.178 -0.233  -0.643 0.164
0.690 -0.041  -0.482 0.627
0.055 -0.115  -0.561 0.112
0.048 0.049  -0.408 0.106
0.604 -0.225  -0.653 0.459
0.494 -0.278  -0.690 0.362
0.506 0.132  -0.259 0.546
0.502 0.091  -0.321 0.520
0.311 -0.114  -0.532 0.588
0.453 -0.222  -0.629 0.354
0.221 0.071  -0.353 0.261
0.118 -0.121  -0.551 0.158
0.133 -0.037  -0.499 0.156
0.410 0.005  -0.423 0.400
0.402 -0.120  -0.520 0.344
0.537 -0.037  -0.462 0.495
0.380 -0.080  -0.500 0.347
0.296 0.054  -0.357 0.305
0.603 -0.106  -0.512 0.534
0.538 0.043  -0.348 0.534
0.064 -0.265  -0.701 0.103
0.408 -0.080  -0.503 0.360
0.492 0.104  -0.299 0.517
0.359 0.095  -0.302 0.374
0.630 -0.235  -0.673 0.460
0.060 -0.161  -0.604 0.117
0.641 0.051  -0.345 0.658
0.141 -0.008  -0.428 0.187
0.446 -0.035  -0.459 0.420
0.583 -0.155  -0.566 0.491
0.141 0.103  -0.313 0.183
0.483 -0.224  -0.635 0.379
0.155 0.005  -0.425 0.183
0.457 0.006  -0.420 0.453
0.348 0.072  -0.334 0.357
0.630 -0.023  -0.445 0.603
0.621 0.009  -0.408 0.591
0.508 0.054  -0.339 0.531
0.531 -0.112  -0.531 0.471
0.620 -0.078  -0.511 0.563
0.420 0.083  -0.324 0.428
0.411 -0.184  -0.586 0.345
0.141 0.164  -0.256 0.210
0.357 -0.084  -0.512 0.318
0.505 -0.163  -0.592 0.417
0.551 0.091  -0.299 0.578
0.581 0.137  -0.258 0.611
0.291 -0.225  -0.653 0.233
0.529 0.144  -0.247 0.566
0.250 -0.066  -0.503 0.239
0.272 -0.161  -0.575 0.253
0.681 -0.201  -0.643 0.549
0.420 0.135  -0.255 0.446
0.063 -0.018  -0.457 0.123
0.465 0.012  -0.390 0.471
0.161 -0.034  -0.485 0.190
0.472 0.054  -0.344 0.476
0.221 0.140  -0.284 0.272
0.457 -0.020  -0.419 0.454
0.160 0.015  -0.411 0.189
0.540 -0.120  -0.549 0.471
0.591 -0.193  -0.607 0.483
0.594 -0.224  -0.641 0.463
0.594 0.006  -0.416 0.575
0.554 -0.305  -0.716 0.383
0.420 0.055  -0.350 0.416
0.502 -0.137  -0.543 0.434
0.540 0.055  -0.344 0.549
0.178 -0.143  -0.575 0.181
0.652 0.006  -0.403 0.630
0.336 -0.282  -0.707 0.239
0.580 -0.193  -0.606 0.465
0.495 -0.078  -0.515 0.440
0.100 -0.193  -0.640 0.133
0.451 -0.160  -0.589 0.382
0.531 -0.193  -0.597 0.434
0.176 0.164  -0.268 0.236
0.370 -0.017  -0.420 0.354
0.664 -0.077  -0.508 0.594
0.287 -0.060  -0.494 0.273
0.318 -0.238  -0.643 0.256
0.591 -0.112  -0.523 0.528
0.594 0.072  -0.325 0.617
0.143 -0.256  -0.669 0.158
0.689 -0.276  -0.712 0.482
0.503 0.092  -0.293 0.535
0.092 -0.064  -0.509 0.129
0.468 0.043  -0.393 0.459
0.518 -0.265  -0.687 0.383
0.453 -0.163  -0.594 0.368
0.144 -0.120  -0.554 0.156
0.620 0.006  -0.408 0.620
0.103 -0.081  -0.531 0.141
0.293 0.103  -0.308 0.327
0.407 -0.181  -0.589 0.336
0.170 0.167  -0.250 0.227
0.336 -0.193  -0.621 0.565
0.031 -0.120  -0.561 0.098
0.224 -0.035  -0.460 0.249
0.290 -0.114  -0.528 0.272
0.684 0.006  -0.407 0.686
0.319 -0.034  -0.446 0.299
0.569 -0.193  -0.624 0.454
0.373 -0.038  -0.449 0.350
0.426 -0.123  -0.549 0.367
0.063 0.167  -0.288 0.127
0.209 -0.028  -0.460 0.218
0.614 0.124  -0.261 0.678
0.284 0.048  -0.359 0.304
0.293 -0.067  -0.495 0.278
0.565 0.117  -0.273 0.600
0.267 -0.201  -0.609 0.239
0.407 0.025  -0.385 0.416
0.129 -0.232  -0.667 0.135
0.190 -0.193  -0.623 0.190
0.640 -0.192  -0.617 0.511
0.589 0.091  -0.288 0.623
0.245 0.083  -0.333 0.288
0.592 -0.153  -0.574 0.489
0.319 -0.075  -0.500 0.305
0.491 0.041  -0.367 0.485
0.044 -0.023  -0.476 0.097
0.293 -0.023  -0.434 0.301
0.624 -0.233  -0.655 0.483
0.715 -0.035  -0.483 0.661
0.511 -0.144  -0.549 0.446
0.577 0.097  -0.314 0.606
0.673 -0.275  -0.719 0.474
0.092 0.046  -0.396 0.153
0.643 -0.035  -0.466 0.591
0.551 -0.276  -0.703 0.399
0.221 -0.120  -0.534 0.229
0.528 0.006  -0.410 0.520
0.581 0.029  -0.377 0.581
0.497 0.055  -0.339 0.511
0.141 0.144  -0.288 0.195
0.245 -0.023  -0.463 0.249
0.167 0.167  -0.275 0.213
0.089 0.104  -0.337 0.152
0.046 0.103  -0.339 0.124
0.173 -0.021  -0.465 0.207
0.087 -0.233  -0.673 0.127
0.661 0.043  -0.387 0.672
0.537 0.135  -0.259 0.572
0.325 -0.224  -0.657 0.255
0.500 0.166  -0.249 0.528
0.301 0.095  -0.308 0.331
0.511 -0.101  -0.522 0.451
0.359 -0.193  -0.620 0.288
0.581 0.054  -0.341 0.606
0.298 -0.181  -0.595 0.584
0.551 0.009  -0.420 0.540
0.313 0.048  -0.390 0.344
0.591 -0.006  -0.416 0.569
0.457 0.098  -0.299 0.479
0.538 -0.152  -0.560 0.459
0.310 0.135  -0.262 0.370
0.310 0.017  -0.413 0.318
0.422 0.008  -0.422 0.397
0.012 0.094  -0.364 0.097
0.175 -0.224  -0.635 0.176
0.641 0.051  -0.342 0.673
0.453 0.124  -0.281 0.469
0.632 0.107  -0.281 0.687
0.540 -0.184  -0.595 0.434
0.049 0.069  -0.385 0.114
0.494 -0.146  -0.561 0.422
0.299 0.083  -0.334 0.341
0.647 0.058  -0.350 0.640
0.146 -0.184  -0.614 0.156
0.571 0.006  -0.405 0.575
0.615 -0.284  -0.709 0.436
0.365 -0.077  -0.494 0.336
0.459 0.054  -0.354 0.469
0.535 -0.216  -0.629 0.414
0.690 0.005  -0.442 0.657
0.272 -0.318  -0.716 0.483
0.443 -0.278  -0.684 0.334
0.571 0.091  -0.313 0.597
0.396 -0.146  -0.548 0.334
0.479 0.060  -0.344 0.489
0.580 -0.161  -0.575 0.491
0.588 0.046  -0.353 0.592
0.410 0.012  -0.423 0.391
0.592 -0.161  -0.595 0.488
0.310 -0.037  -0.454 0.644
0.112 -0.025  -0.465 0.163
0.307 -0.117  -0.537 0.614
0.624 -0.087  -0.522 0.555
0.635 -0.201  -0.632 0.506
0.023 0.123  -0.339 0.110
0.525 0.025  -0.374 0.517
0.044 -0.114  -0.580 0.100
0.400 -0.152  -0.558 0.336
0.459 0.057  -0.341 0.472
0.468 -0.146  -0.574 0.390
0.456 -0.288  -0.701 0.310
0.342 -0.276  -0.690 0.247
0.071 0.166  -0.304 0.140
0.572 -0.265  -0.687 0.419
0.529 -0.140  -0.565 0.453
0.301 -0.110  -0.518 0.288
0.676 0.044  -0.391 0.663
0.179 0.015  -0.430 0.212
0.052 0.094  -0.350 0.115
0.643 -0.236  -0.664 0.499
0.407 -0.077  -0.499 0.377
0.581 -0.072  -0.485 0.534
0.112 -0.236  -0.655 0.121
0.169 0.055  -0.365 0.213
0.548 -0.284  -0.706 0.376
0.459 0.005  -0.422 0.446
0.594 -0.121  -0.551 0.514
0.416 -0.233  -0.646 0.314
0.426 0.008  -0.408 0.423
0.664 0.127  -0.253 0.724
0.209 -0.114  -0.538 0.204
0.523 -0.276  -0.693 0.360
0.138 0.166  -0.272 0.196
0.446 0.114  -0.272 0.474
0.672 -0.026  -0.434 0.646
0.253 0.100  -0.336 0.272
0.577 0.098  -0.282 0.620
0.141 0.055  -0.407 0.170
0.296 0.089  -0.333 0.330
0.529 -0.025  -0.437 0.488
0.545 -0.034  -0.428 0.529
0.295 0.081  -0.345 0.301
0.141 0.057  -0.387 0.187
0.064 0.097  -0.373 0.123
0.657 -0.120  -0.545 0.569
0.653 0.044  -0.347 0.653
0.380 0.124  -0.275 0.426
0.430 -0.184  -0.597 0.348
0.676 0.081  -0.337 0.706
0.581 0.098  -0.296 0.614
0.667 -0.305  -0.724 0.453
0.607 -0.233  -0.658 0.468
0.554 0.084  -0.334 0.575
0.379 -0.172  -0.581 0.301
0.261 0.166  -0.272 0.302
0.652 -0.135  -0.563 0.568
0.221 0.164  -0.272 0.252
0.448 0.038  -0.380 0.425
0.061 0.098  -0.368 0.114
0.414 -0.067  -0.502 0.364
0.626 -0.121  -0.551 0.546
0.632 -0.035  -0.460 0.606
0.624 -0.201  -0.632 0.491
0.272 -0.035  -0.479 0.275
0.216 -0.235  -0.664 0.179
0.215 -0.037  -0.489 0.233
0.600 -0.080  -0.512 0.525
0.267 -0.153  -0.586 0.236
0.601 -0.152  -0.568 0.499
0.135 -0.153  -0.595 0.153
0.545 -0.078  -0.491 0.506
0.173 -0.081  -0.528 0.179
0.041 -0.035  -0.499 0.100
0.179 0.005  -0.437 0.227
0.641 0.008  -0.426 0.632
0.664 0.008  -0.420 0.663
0.591 0.008  -0.387 0.611
0.239 -0.078  -0.500 0.245
0.509 -0.074  -0.479 0.483
0.614 -0.202  -0.638 0.479
0.218 -0.078  -0.512 0.239
0.222 -0.193  -0.607 0.206
0.084 -0.028  -0.463 0.155
0.368 -0.233  -0.655 0.281
0.327 0.003  -0.417 0.328
0.491 0.006  -0.414 0.491
0.502 0.008  -0.407 0.491
0.499 0.052  -0.342 0.518
0.368 -0.181  -0.600 0.314
0.066 0.069  -0.380 0.135
0.657 -0.170  -0.612 0.540
0.173 -0.034  -0.471 0.216
0.135 0.051  -0.377 0.198
0.443 -0.307  -0.719 0.302
0.577 0.091  -0.319 0.589
0.299 0.143  -0.262 0.337
0.270 -0.282  -0.686 0.210
0.193 0.046  -0.402 0.236
0.313 0.012  -0.402 0.327
0.353 0.104  -0.302 0.376
0.216 0.057  -0.383 0.241
0.261 -0.067  -0.486 0.273
0.494 -0.202  -0.629 0.400
0.215 0.054  -0.373 0.241
0.643 -0.195  -0.638 0.508
0.321 -0.118  -0.526 0.319
0.650 -0.278  -0.707 0.472
0.588 -0.193  -0.624 0.474
0.621 -0.120  -0.549 0.526
0.433 -0.183  -0.592 0.357
0.066 -0.202  -0.641 0.126
0.644 0.100  -0.330 0.684
0.175 0.037  -0.393 0.218
0.529 -0.155  -0.589 0.456
0.537 -0.037  -0.449 0.505
0.388 -0.235  -0.649 0.318
0.577 0.051  -0.359 0.583
0.374 -0.267  -0.684 0.273
0.632 -0.120  -0.537 0.572
0.426 -0.193  -0.620 0.353
0.126 0.166  -0.284 0.189
0.249 0.109  -0.304 0.298
0.520 0.014  -0.397 0.512
0.640 0.100  -0.293 0.692
0.448 0.054  -0.347 0.446
0.509 0.091  -0.333 0.537
0.468 -0.186  -0.609 0.391
0.376 0.006  -0.399 0.385
0.595 0.043  -0.368 0.589
0.124 0.155  -0.270 0.173
0.643 0.110  -0.290 0.673
0.100 -0.077  -0.500 0.127
0.272 -0.041  -0.446 0.259
0.357 -0.032  -0.434 0.321
0.229 0.130  -0.275 0.259
0.681 0.043  -0.351 0.683
0.232 -0.071  -0.505 0.222
0.405 0.126  -0.258 0.423
0.259 0.123  -0.278 0.287
0.083 -0.118  -0.543 0.121
0.215 -0.163  -0.584 0.201
0.572 -0.202  -0.607 0.454
0.250 -0.114  -0.526 0.230
0.523 -0.112  -0.511 0.453
0.543 -0.163  -0.597 0.422
0.304 0.044  -0.387 0.310
0.216 0.083  -0.351 0.222
0.342 -0.101  -0.514 0.295
0.241 0.075  -0.359 0.252
0.529 0.133  -0.256 0.535
0.538 0.083  -0.304 0.538
0.359 -0.192  -0.595 0.279
0.518 0.046  -0.377 0.512
0.104 0.123  -0.322 0.147
0.094 0.055  -0.382 0.138
0.210 -0.008  -0.426 0.222
0.364 -0.164  -0.574 0.287
0.052 0.124  -0.324 0.107
0.563 -0.278  -0.681 0.394
0.256 0.123  -0.305 0.276
0.680 -0.164  -0.586 0.526
0.511 0.044  -0.344 0.512
0.272 -0.172  -0.597 0.232
0.545 -0.121  -0.543 0.442
0.592 0.124  -0.275 0.597
0.491 -0.031  -0.443 0.437
0.264 0.043  -0.374 0.281
0.261 0.003  -0.423 0.261
0.537 -0.201  -0.626 0.405
0.249 -0.150  -0.563 0.210
0.152 0.044  -0.408 0.176
0.175 -0.072  -0.506 0.176
0.399 -0.201  -0.614 0.298
0.434 0.083  -0.318 0.431
0.508 0.123  -0.259 0.523
0.064 0.123  -0.328 0.124
0.287 0.083  -0.339 0.296
0.364 -0.245  -0.666 0.255
0.288 -0.164  -0.568 0.250
0.084 0.141  -0.288 0.141
0.282 0.083  -0.322 0.293
0.164 -0.164  -0.588 0.152
0.261 -0.120  -0.523 0.238
0.480 0.005  -0.417 0.440
0.179 -0.158  -0.584 0.169
0.483 0.061  -0.331 0.459
0.255 0.126  -0.290 0.295
0.445 -0.305  -0.704 0.296
0.327 -0.028  -0.448 0.295
0.468 -0.144  -0.551 0.385
0.112 -0.153  -0.589 0.124
0.520 -0.235  -0.655 0.382
0.626 -0.275  -0.689 0.446
0.189 0.164  -0.258 0.235
0.341 -0.127  -0.551 0.290
0.376 -0.285  -0.704 0.250
0.499 -0.163  -0.591 0.399
0.221 -0.285  -0.703 0.181
0.650 -0.282  -0.709 0.459
0.414 -0.072  -0.497 0.370
0.374 -0.265  -0.692 0.265
0.104 -0.273  -0.701 0.110
0.295 -0.275  -0.681 0.225
0.170 0.166  -0.279 0.198
0.522 0.133  -0.272 0.535
0.534 0.124  -0.273 0.529
0.232 0.097  -0.316 0.256
0.482 -0.026  -0.420 0.451
0.543 0.052  -0.371 0.523
0.086 0.133  -0.316 0.141
0.321 -0.123  -0.549 0.285
0.423 0.048  -0.373 0.396
0.339 -0.164  -0.609 0.578
0.469 -0.121  -0.522 0.399
0.138 0.041  -0.397 0.164
0.611 -0.110  -0.540 0.523
0.502 -0.275  -0.681 0.342
0.502 0.124  -0.262 0.517
0.261 -0.305  -0.706 0.201
0.491 0.052  -0.356 0.483
0.106 0.063  -0.367 0.147
0.169 -0.155  -0.589 0.176
0.360 -0.152  -0.560 0.295
0.408 0.038  -0.376 0.387
0.235 -0.141  -0.566 0.202
0.603 0.005  -0.417 0.566
0.583 -0.265  -0.680 0.419
0.460 0.041  -0.360 0.440
0.299 0.071  -0.331 0.311
0.086 -0.236  -0.669 0.109
0.129 -0.316  -0.730 0.123
0.250 0.014  -0.396 0.264
0.278 -0.236  -0.655 0.222
0.391 -0.244  -0.672 0.270
0.295 -0.244  -0.672 0.227
0.634 0.052  -0.373 0.629
0.186 0.017  -0.399 0.202
0.250 -0.196  -0.626 0.202
0.422 0.003  -0.413 0.397
0.509 -0.184  -0.586 0.402
0.110 0.086  -0.345 0.161
0.552 0.118  -0.282 0.568
0.551 0.017  -0.416 0.520
0.235 -0.066  -0.506 0.222
0.561 0.015  -0.391 0.529
0.181 -0.002  -0.431 0.192
0.479 -0.029  -0.463 0.433
0.094 -0.066  -0.502 0.121
0.561 0.133  -0.247 0.581
0.540 -0.186  -0.617 0.414
0.268 -0.316  -0.718 0.204
0.505 0.060  -0.331 0.520
0.313 0.132  -0.293 0.350
0.598 -0.064  -0.469 0.548
0.307 0.132  -0.259 0.687
0.158 -0.275  -0.698 0.149
0.250 0.012  -0.411 0.270
0.486 -0.026  -0.425 0.460
0.374 -0.307  -0.712 0.247
0.428 -0.118  -0.532 0.368
0.373 -0.077  -0.497 0.336
0.328 0.067  -0.331 0.345
0.098 -0.144  -0.584 0.123
0.172 -0.233  -0.647 0.152
0.454 -0.193  -0.612 0.365
0.517 0.011  -0.388 0.506
0.126 -0.195  -0.621 0.138
0.482 -0.035  -0.449 0.440
0.416 -0.029  -0.428 0.376
0.552 -0.186  -0.598 0.439
0.107 -0.247  -0.681 0.121
0.641 0.049  -0.353 0.647
0.221 0.095  -0.318 0.247
0.643 -0.064  -0.479 0.583
0.342 0.132  -0.272 0.348
0.173 -0.026  -0.466 0.176
0.540 0.133  -0.259 0.565
0.469 -0.144  -0.551 0.383
0.652 -0.244  -0.683 0.463
0.383 -0.233  -0.640 0.275
0.503 0.124  -0.275 0.525
0.543 0.057  -0.364 0.529
0.540 -0.265  -0.670 0.382
0.592 0.008  -0.393 0.561
0.472 0.015  -0.385 0.451
0.061 -0.064  -0.525 0.103
0.571 -0.267  -0.693 0.402
0.592 0.071  -0.359 0.594
0.664 -0.193  -0.623 0.525
0.143 0.135  -0.288 0.192
0.341 0.104  -0.288 0.345
0.155 0.132  -0.282 0.204
0.206 0.063  -0.347 0.227
0.356 0.067  -0.324 0.376
0.629 0.133  -0.282 0.657
0.471 -0.316  -0.721 0.304
0.666 0.008  -0.422 0.627
0.565 -0.067  -0.480 0.508
0.064 -0.147  -0.586 0.109
0.440 -0.244  -0.669 0.314
0.262 -0.275  -0.680 0.196
0.333 -0.078  -0.505 0.284
0.318 -0.114  -0.528 0.285
0.150 0.164  -0.288 0.176
0.535 0.002  -0.399 0.509
0.417 0.071  -0.325 0.419
0.107 0.097  -0.348 0.153
0.189 0.172  -0.250 0.222
0.571 0.097  -0.293 0.600
0.149 0.067  -0.356 0.187
0.649 0.055  -0.357 0.650
0.187 -0.307  -0.724 0.152
0.571 0.005  -0.397 0.549
0.540 0.017  -0.376 0.515
0.666 -0.265  -0.689 0.466
0.184 0.005  -0.433 0.189
0.534 -0.117  -0.540 0.456
0.538 0.123  -0.267 0.566
0.252 0.097  -0.325 0.264
0.515 -0.069  -0.495 0.445
0.262 -0.146  -0.574 0.219
0.293 0.086  -0.318 0.308
0.509 -0.235  -0.640 0.387
0.626 -0.130  -0.558 0.520
0.127 0.126  -0.313 0.166
0.273 0.061  -0.373 0.275
0.077 0.094  -0.360 0.124
0.446 -0.183  -0.604 0.337
0.316 -0.117  -0.523 0.584
0.581 0.011  -0.383 0.549
0.641 -0.028  -0.466 0.572
0.595 -0.107  -0.514 0.512
0.310 0.035  -0.377 0.311
0.469 -0.026  -0.439 0.440
0.443 0.000  -0.422 0.422
0.262 -0.026  -0.457 0.258
0.641 -0.028  -0.439 0.617
0.623 0.133  -0.282 0.641
0.583 0.133  -0.279 0.615
0.551 -0.155  -0.589 0.448
0.460 -0.075  -0.503 0.396
0.229 0.101  -0.318 0.261
0.376 -0.144  -0.575 0.313
0.161 0.006  -0.416 0.178
0.225 0.095  -0.337 0.255
0.403 -0.107  -0.537 0.351
0.405 0.092  -0.308 0.408
0.600 -0.265  -0.692 0.419
0.581 -0.153  -0.568 0.474
0.232 -0.037  -0.477 0.219
0.532 0.083  -0.314 0.538
0.664 -0.025  -0.423 0.609
0.540 -0.236  -0.657 0.374
0.413 -0.233  -0.650 0.305
0.186 -0.120  -0.549 0.178
0.632 0.005  -0.393 0.615
0.664 -0.236  -0.675 0.465
0.499 0.126  -0.287 0.509
0.632 -0.233  -0.657 0.457
0.230 0.137  -0.268 0.276
0.190 -0.133  -0.551 0.183
0.313 -0.273  -0.675 0.219
0.561 -0.276  -0.699 0.396
0.367 0.060  -0.337 0.376
0.495 -0.265  -0.670 0.357
0.612 -0.242  -0.670 0.448
0.626 -0.074  -0.511 0.549
0.172 -0.061  -0.497 0.173
0.643 0.123  -0.270 0.692
0.221 -0.054  -0.477 0.209
0.643 -0.196  -0.638 0.483
0.104 -0.235  -0.667 0.120
0.522 0.005  -0.411 0.488
0.653 -0.069  -0.512 0.568
0.624 0.014  -0.407 0.588
0.337 -0.308  -0.715 0.235
0.221 0.005  -0.414 0.229
0.634 0.002  -0.403 0.614
0.206 0.017  -0.410 0.213
0.673 -0.078  -0.497 0.586
0.373 0.002  -0.430 0.344
0.456 -0.103  -0.517 0.379
0.239 0.066  -0.341 0.255
0.328 0.067  -0.333 0.336
0.673 -0.193  -0.621 0.525
0.054 0.166  -0.298 0.112
0.314 -0.064  -0.486 0.291
0.225 -0.054  -0.482 0.221
0.173 -0.152  -0.586 0.164
0.471 -0.273  -0.678 0.327
0.416 0.069  -0.334 0.414
0.623 0.015  -0.399 0.584
0.673 -0.117  -0.548 0.572
0.328 -0.040  -0.457 0.626
0.106 0.095  -0.354 0.155
0.382 -0.143  -0.554 0.316
0.207 -0.284  -0.701 0.164
0.235 -0.183  -0.598 0.213
0.485 -0.316  -0.716 0.316
0.051 0.008  -0.442 0.098
0.351 -0.066  -0.503 0.307
0.126 0.133  -0.313 0.164
0.592 0.097  -0.291 0.592
0.181 -0.152  -0.574 0.169
0.222 -0.061  -0.482 0.225
0.357 -0.186  -0.604 0.268
0.114 0.011  -0.433 0.147
0.046 0.018  -0.419 0.109
0.649 0.057  -0.337 0.655
0.104 -0.193  -0.629 0.130
0.486 0.040  -0.383 0.460
0.382 -0.133  -0.561 0.298
0.551 -0.074  -0.499 0.472
0.502 -0.298  -0.701 0.337
0.540 0.126  -0.287 0.560
0.632 0.060  -0.350 0.611
0.417 -0.186  -0.598 0.327
0.337 -0.316  -0.713 0.229
0.540 -0.038  -0.471 0.488
0.529 0.054  -0.336 0.511
0.675 -0.123  -0.548 0.569
0.426 0.012  -0.396 0.388
0.301 0.035  -0.396 0.307
0.595 0.109  -0.302 0.592
0.227 -0.181  -0.607 0.198
0.552 0.126  -0.290 0.558
0.463 -0.316  -0.727 0.291
0.222 -0.275  -0.692 0.175
0.195 0.029  -0.400 0.209
0.472 -0.072  -0.476 0.411
0.546 -0.170  -0.606 0.416
0.305 -0.193  -0.586 0.534
0.199 0.164  -0.270 0.245
0.330 -0.235  -0.650 0.247
0.632 -0.161  -0.577 0.509
0.344 -0.204  -0.621 0.261
0.511 0.005  -0.411 0.476
0.219 -0.054  -0.476 0.222
0.316 -0.235  -0.649 0.236
0.515 0.005  -0.416 0.474
0.307 -0.055  -0.477 0.285
0.469 -0.236  -0.652 0.336
0.075 -0.186  -0.620 0.107
0.394 0.094  -0.308 0.402
0.262 0.052  -0.368 0.278
0.129 0.018  -0.413 0.167
0.641 0.017  -0.391 0.623
0.621 -0.026  -0.430 0.577
0.502 0.051  -0.357 0.500
0.469 -0.236  -0.657 0.324
0.341 0.166  -0.245 0.365
0.528 0.071  -0.322 0.525
0.471 -0.064  -0.492 0.402
0.422 0.026  -0.374 0.414
0.565 -0.078  -0.502 0.479
0.265 0.066  -0.365 0.281
0.163 0.173  -0.259 0.189
0.118 -0.224  -0.640 0.124
0.440 -0.118  -0.526 0.360
0.595 0.008  -0.385 0.560
0.460 -0.002  -0.422 0.408
0.614 -0.235  -0.653 0.442
0.106 -0.020  -0.474 0.141
0.508 -0.086  -0.491 0.443
0.313 -0.117  -0.528 0.276
0.446 -0.083  -0.492 0.374
0.365 -0.040  -0.460 0.328
0.591 0.067  -0.324 0.580
0.221 -0.141  -0.561 0.204
0.604 -0.273  -0.690 0.416
0.104 -0.275  -0.701 0.114
0.336 -0.038  -0.460 0.299
0.551 0.014  -0.399 0.522
0.250 -0.183  -0.597 0.215
0.561 0.133  -0.261 0.578
0.183 0.097  -0.348 0.209
0.653 0.160  -0.245 0.704
0.184 0.000  -0.442 0.198
0.681 -0.028  -0.442 0.627
0.063 0.018  -0.419 0.123
0.376 -0.225  -0.637 0.285
0.110 0.095  -0.344 0.163
0.367 0.012  -0.394 0.339
0.538 -0.114  -0.514 0.442
0.383 0.071  -0.353 0.364
0.537 -0.264  -0.670 0.382
0.472 0.005  -0.410 0.454
0.635 -0.276  -0.715 0.433
0.390 -0.115  -0.537 0.331
0.580 -0.153  -0.561 0.472
0.302 0.193  -0.218 0.339
-0.087 0.314  -0.170 0.008
0.390 0.265  -0.133 0.463
0.365 0.186  -0.218 0.422
0.038 0.311  -0.150 0.118
0.238 0.143  -0.290 0.262
-0.008 0.275  -0.190 0.080
-0.025 0.275  -0.195 0.072
0.183 0.267  -0.156 0.242
0.038 0.275  -0.175 0.127
-0.012 0.101  -0.368 0.081
0.037 0.311  -0.152 0.133
-0.034 0.195  -0.267 0.071
0.055 0.268  -0.178 0.135
-0.023 0.112  -0.370 0.064
0.273 0.103  -0.333 0.295
-0.071 0.390  -0.092 0.028
0.067 0.311  -0.126 0.153
0.483 0.195  -0.187 0.555
0.515 0.265  -0.089 0.604
0.115 0.067  -0.371 0.176
0.390 0.193  -0.210 0.457
0.126 0.348  -0.081 0.213
0.238 0.193  -0.216 0.296
0.038 0.270  -0.175 0.114
0.094 0.322  -0.121 0.176
0.471 0.109  -0.291 0.509
0.449 0.104  -0.304 0.489
0.459 0.106  -0.305 0.489
0.449 0.106  -0.298 0.468
0.051 0.186  -0.267 0.140
0.161 0.153  -0.290 0.212
-0.094 0.235  -0.261 0.017
0.040 0.390  -0.074 0.123
0.434 0.018  -0.383 0.423
0.321 0.310  -0.109 0.377
0.129 0.112  -0.314 0.198
0.485 0.104  -0.302 0.525
0.359 0.071  -0.341 0.379
0.477 0.112  -0.298 0.494
0.156 0.229  -0.218 0.219
0.107 0.296  -0.160 0.178
0.006 0.069  -0.396 0.089
0.391 0.109  -0.282 0.426
0.130 0.256  -0.195 0.189
0.408 0.192  -0.195 0.462
-0.029 0.195  -0.288 0.066
0.198 0.072  -0.364 0.230
0.212 0.314  -0.084 0.279
0.428 0.152  -0.236 0.457
0.448 0.232  -0.170 0.514
0.167 0.152  -0.276 0.213
0.114 0.112  -0.337 0.172
0.442 0.232  -0.158 0.494
0.299 0.232  -0.158 0.356
0.043 0.106  -0.370 0.114
0.081 0.230  -0.212 0.160
0.124 0.268  -0.184 0.184
-0.015 0.193  -0.262 0.066
0.472 0.230  -0.135 0.535
0.410 0.112  -0.273 0.449
0.186 0.229  -0.209 0.253
-0.006 0.351  -0.127 0.089
0.144 0.310  -0.109 0.230
0.383 0.071  -0.328 0.416
0.173 0.104  -0.333 0.230
0.430 0.270  -0.109 0.520
0.189 0.310  -0.097 0.256
0.003 0.193  -0.272 0.092
0.029 0.268  -0.193 0.115
0.391 0.233  -0.147 0.456
0.126 0.348  -0.064 0.218
0.086 0.267  -0.173 0.167
0.431 0.152  -0.233 0.479
0.377 0.230  -0.173 0.448
0.437 0.193  -0.199 0.503
0.377 0.146  -0.256 0.428
0.006 0.195  -0.287 0.081
0.173 0.351  -0.060 0.249
-0.035 0.112  -0.371 0.066
0.354 0.311  -0.075 0.445
0.123 0.235  -0.209 0.199
0.360 0.112  -0.281 0.399
0.051 0.268  -0.181 0.137
0.190 0.305  -0.097 0.273
0.143 0.265  -0.178 0.209
-0.044 0.196  -0.270 0.054
0.489 0.268  -0.087 0.592
0.199 0.316  -0.087 0.258
0.276 0.267  -0.127 0.351
-0.048 0.351  -0.127 0.048
0.219 0.060  -0.380 0.253
-0.032 0.350  -0.115 0.064
-0.035 0.311  -0.170 0.064
0.143 0.071  -0.380 0.192
-0.015 0.084  -0.380 0.066
0.273 0.114  -0.305 0.301
0.210 0.072  -0.365 0.247
0.063 0.278  -0.170 0.138
0.273 0.233  -0.161 0.344
0.334 0.267  -0.144 0.405
0.287 0.164  -0.236 0.327
0.054 0.233  -0.216 0.137
0.037 0.195  -0.256 0.115
0.436 0.270  -0.110 0.518
0.124 0.230  -0.190 0.202
0.005 0.275  -0.184 0.103
0.095 0.071  -0.365 0.152
0.383 0.186  -0.224 0.433
0.130 0.351  -0.058 0.210
0.311 0.124  -0.278 0.347
0.489 0.270  -0.124 0.554
0.319 0.310  -0.097 0.403
0.160 0.348  -0.061 0.239
0.273 0.101  -0.325 0.301
0.448 0.195  -0.192 0.497
0.448 0.112  -0.278 0.491
0.273 0.195  -0.212 0.331
0.132 0.229  -0.212 0.187
0.397 0.072  -0.339 0.420
0.330 0.072  -0.357 0.347
0.336 0.195  -0.207 0.399
0.345 0.028  -0.383 0.348
0.367 0.152  -0.245 0.397
0.334 0.152  -0.245 0.385
0.423 0.071  -0.336 0.430
0.360 0.195  -0.199 0.413
0.337 0.270  -0.150 0.413
-0.067 0.348  -0.132 0.035
0.299 0.110  -0.287 0.345
-0.006 0.273  -0.175 0.081
0.348 0.310  -0.101 0.439
0.222 0.310  -0.103 0.281
0.459 0.268  -0.103 0.543
0.371 0.204  -0.187 0.419
0.430 0.311  -0.080 0.520
0.127 0.275  -0.146 0.210
-0.084 0.356  -0.114 0.021
0.175 0.304  -0.114 0.258
-0.008 0.204  -0.253 0.081
0.276 0.272  -0.135 0.348
0.140 0.110  -0.325 0.204
0.353 0.311  -0.074 0.443
0.202 0.141  -0.290 0.247
0.091 0.350  -0.083 0.183
0.396 0.316  -0.057 0.476
-0.029 0.267  -0.221 0.071
0.517 0.186  -0.202 0.574
0.224 0.295  -0.130 0.293
0.456 0.067  -0.347 0.466
-0.041 0.193  -0.272 0.049
0.364 0.124  -0.272 0.413
0.242 0.072  -0.345 0.272
-0.069 0.227  -0.276 0.025
0.322 0.193  -0.206 0.374
0.196 0.184  -0.207 0.591
0.153 0.311  -0.115 0.224
0.423 0.310  -0.064 0.503
0.072 0.110  -0.350 0.140
-0.089 0.356  -0.140 0.018
0.430 0.025  -0.367 0.428
-0.037 0.397  -0.061 0.057
0.353 0.110  -0.301 0.393
0.360 0.195  -0.190 0.414
0.453 0.044  -0.353 0.471
0.256 0.193  -0.238 0.296
-0.037 0.153  -0.336 0.049
0.430 0.195  -0.198 0.495
0.124 0.215  -0.232 0.195
-0.014 0.270  -0.218 0.072
0.075 0.124  -0.311 0.153
0.176 0.153  -0.287 0.229
0.436 0.270  -0.130 0.520
0.270 0.232  -0.183 0.336
0.408 0.109  -0.279 0.443
0.459 0.029  -0.383 0.445
0.207 0.141  -0.288 0.249
0.255 0.225  -0.207 0.308
-0.086 0.273  -0.202 0.017
-0.014 0.109  -0.348 0.071
0.032 0.256  -0.209 0.124
0.318 0.348  -0.064 0.403
0.407 0.311  -0.051 0.491
0.255 0.060  -0.374 0.278
0.449 0.071  -0.333 0.476
0.127 0.311  -0.127 0.213
0.261 0.110  -0.318 0.304
-0.026 0.311  -0.163 0.061
0.391 0.026  -0.394 0.376
0.302 0.069  -0.357 0.316
0.508 0.270  -0.087 0.607
0.365 0.235  -0.175 0.416
0.164 0.143  -0.301 0.209
0.268 0.270  -0.147 0.331
0.261 0.152  -0.267 0.299
0.233 0.071  -0.336 0.284
0.138 0.196  -0.244 0.213
0.446 0.071  -0.322 0.472
0.132 0.351  -0.095 0.215
0.423 0.308  -0.071 0.514
0.285 0.061  -0.364 0.310
0.207 0.311  -0.123 0.276
0.158 0.232  -0.181 0.219
0.396 0.083  -0.314 0.434
-0.029 0.153  -0.305 0.069
0.172 0.225  -0.202 0.225
0.129 0.232  -0.221 0.201
0.127 0.232  -0.216 0.207
-0.097 0.195  -0.288 0.015
0.472 0.029  -0.370 0.483
0.230 0.308  -0.117 0.310
-0.077 0.350  -0.137 0.029
-0.041 0.350  -0.132 0.049
0.238 0.112  -0.316 0.268
0.044 0.268  -0.178 0.140
0.396 0.103  -0.310 0.428
0.179 0.351  -0.081 0.256
0.426 0.232  -0.164 0.503
0.127 0.350  -0.083 0.213
0.477 0.028  -0.387 0.486
0.341 0.106  -0.311 0.373
0.100 0.072  -0.371 0.150
0.239 0.351  -0.055 0.307
0.181 0.072  -0.360 0.212
0.242 0.351  -0.066 0.302
0.236 0.025  -0.391 0.252
0.420 0.146  -0.265 0.471
0.321 0.272  -0.144 0.383
0.250 0.152  -0.267 0.299
-0.028 0.391  -0.058 0.074
-0.006 0.193  -0.284 0.075
0.170 0.112  -0.327 0.209
-0.041 0.275  -0.189 0.051
0.107 0.193  -0.235 0.166
0.477 0.072  -0.313 0.491
0.250 0.143  -0.279 0.302
0.296 0.230  -0.183 0.364
0.365 0.230  -0.179 0.419
-0.089 0.193  -0.299 0.015
0.183 0.316  -0.091 0.249
0.029 0.310  -0.144 0.121
0.100 0.350  -0.071 0.189
0.351 0.186  -0.221 0.410
0.006 0.153  -0.308 0.084
0.399 0.230  -0.144 0.480
0.003 0.350  -0.097 0.084
0.141 0.310  -0.112 0.229
0.201 0.310  -0.121 0.272
0.497 0.072  -0.330 0.509
0.118 0.264  -0.170 0.206
-0.075 0.230  -0.268 0.029
0.471 0.104  -0.302 0.497
0.081 0.351  -0.097 0.163
0.408 0.152  -0.242 0.463
0.261 0.310  -0.104 0.342
0.140 0.308  -0.121 0.227
0.390 0.310  -0.086 0.477
0.413 0.043  -0.360 0.433
0.006 0.144  -0.318 0.089
0.044 0.351  -0.100 0.133
0.434 0.112  -0.278 0.471
0.330 0.186  -0.225 0.377
0.448 0.232  -0.169 0.531
0.364 0.112  -0.290 0.394
0.376 0.112  -0.296 0.405
0.048 0.112  -0.350 0.123
0.187 0.184  -0.235 0.259
-0.035 0.270  -0.219 0.052
0.242 0.316  -0.081 0.321
0.075 0.270  -0.204 0.138
0.124 0.276  -0.161 0.195
0.403 0.348  -0.061 0.489
0.460 0.233  -0.141 0.538
0.156 0.222  -0.242 0.215
0.193 0.184  -0.278 0.235
0.272 0.350  -0.086 0.327
0.071 0.388  -0.061 0.155
0.348 0.112  -0.308 0.379
0.252 0.195  -0.229 0.293
0.448 0.308  -0.069 0.541
0.322 0.311  -0.094 0.373
0.048 0.195  -0.279 0.121
0.443 0.186  -0.241 0.480
0.531 0.232  -0.178 0.592
0.407 0.155  -0.258 0.423
0.230 0.270  -0.176 0.276
0.426 0.308  -0.101 0.502
0.144 0.308  -0.126 0.219
0.158 0.152  -0.293 0.212
0.120 0.348  -0.094 0.187
0.110 0.308  -0.146 0.186
0.313 0.348  -0.083 0.385
0.239 0.348  -0.083 0.301
0.322 0.307  -0.126 0.390
0.319 0.348  -0.072 0.371
0.281 0.308  -0.112 0.348
0.218 0.083  -0.365 0.236
0.268 0.195  -0.244 0.305
0.331 0.229  -0.212 0.376
0.330 0.103  -0.350 0.357
0.334 0.186  -0.255 0.370
0.324 0.272  -0.146 0.376
0.399 0.307  -0.106 0.457
0.006 0.141  -0.360 0.087
0.046 0.351  -0.121 0.121
0.238 0.195  -0.256 0.284
0.364 0.310  -0.115 0.436
0.244 0.350  -0.086 0.311
0.324 0.193  -0.224 0.347
0.453 0.072  -0.351 0.460
0.486 0.193  -0.195 0.517
0.367 0.193  -0.235 0.399
0.367 0.114  -0.310 0.385
0.290 0.311  -0.124 0.353
0.262 0.310  -0.146 0.304
0.184 0.224  -0.196 0.560
0.417 0.272  -0.161 0.456
-0.078 0.272  -0.244 0.014
0.150 0.347  -0.100 0.218
0.179 0.143  -0.291 0.523
0.230 0.267  -0.189 0.285
0.364 0.350  -0.078 0.431
-0.055 0.390  -0.114 0.015
0.124 0.416  -0.046 0.192
0.393 0.107  -0.310 0.385
0.072 0.112  -0.360 0.123
0.350 0.072  -0.357 0.364
0.186 0.229  -0.244 0.225
-0.075 0.186  -0.347 0.020
0.118 0.322  -0.129 0.193
0.354 0.110  -0.318 0.364
0.460 0.153  -0.258 0.488
0.009 0.431  -0.057 0.080
-0.015 0.275  -0.227 0.057
0.354 0.376  -0.046 0.417
0.008 0.190  -0.301 0.084
0.009 0.126  -0.364 0.083
0.393 0.084  -0.339 0.410
0.086 0.233  -0.253 0.155
0.235 0.275  -0.163 0.268
0.367 0.265  -0.141 0.405
0.006 0.183  -0.324 0.086
0.354 0.126  -0.302 0.371
0.186 0.232  -0.186 0.589
-0.002 0.391  -0.114 0.071
0.479 0.267  -0.138 0.540
0.038 0.233  -0.265 0.097
0.276 0.267  -0.153 0.336
0.364 0.071  -0.373 0.351
0.083 0.310  -0.172 0.137
0.431 0.071  -0.347 0.430
0.319 0.155  -0.284 0.345
0.419 0.072  -0.373 0.417
0.293 0.112  -0.341 0.310
0.367 0.229  -0.190 0.410
0.160 0.104  -0.325 0.500
0.264 0.362  -0.060 0.318
0.407 0.071  -0.371 0.380
0.407 0.072  -0.371 0.391
0.089 0.144  -0.347 0.132
0.078 0.267  -0.215 0.140
0.397 0.141  -0.290 0.416
0.008 0.431  -0.067 0.077
0.101 0.295  -0.189 0.163
-0.066 0.390  -0.118 0.009
0.443 0.267  -0.150 0.492
0.379 0.110  -0.314 0.387
0.190 0.350  -0.095 0.239
0.419 0.311  -0.110 0.471
0.362 0.153  -0.293 0.377
0.442 0.192  -0.224 0.482
0.051 0.399  -0.061 0.129
0.255 0.373  -0.072 0.310
0.331 0.189  -0.233 0.362
0.155 0.084  -0.376 0.195
0.360 0.350  -0.080 0.434
0.275 0.235  -0.224 0.308
0.238 0.235  -0.196 0.291
0.336 0.308  -0.112 0.391
-0.067 0.350  -0.161 0.026
0.087 0.166  -0.310 0.146
0.503 0.272  -0.126 0.548
0.044 0.229  -0.267 0.114
0.149 0.267  -0.196 0.209
0.431 0.071  -0.351 0.428
0.232 0.270  -0.186 0.270
0.038 0.192  -0.291 0.094
0.313 0.313  -0.110 0.356
0.365 0.310  -0.110 0.403
0.360 0.308  -0.098 0.411
0.407 0.235  -0.193 0.439
0.275 0.233  -0.198 0.318
-0.064 0.233  -0.305 0.015
0.430 0.152  -0.282 0.454
0.186 0.229  -0.170 0.568
0.380 0.112  -0.328 0.400
0.410 0.192  -0.232 0.442
0.170 0.106  -0.314 0.500
0.298 0.308  -0.110 0.360
-0.038 0.314  -0.190 0.040
0.250 0.192  -0.241 0.299
0.083 0.255  -0.236 0.155
0.508 0.192  -0.236 0.537
0.048 0.359  -0.114 0.112
0.069 0.310  -0.161 0.129
-0.044 0.193  -0.325 0.034
0.169 0.359  -0.092 0.224
0.008 0.153  -0.360 0.071
0.229 0.195  -0.253 0.256
0.373 0.229  -0.206 0.414
0.267 0.370  -0.048 0.331
0.241 0.233  -0.206 0.268
0.097 0.233  -0.241 0.163
0.431 0.311  -0.106 0.492
0.244 0.193  -0.273 0.272
0.334 0.153  -0.293 0.365
0.178 0.351  -0.114 0.250
0.029 0.112  -0.382 0.086
0.066 0.359  -0.107 0.132
0.044 0.143  -0.362 0.109
-0.003 0.272  -0.218 0.081
0.423 0.067  -0.371 0.426
0.460 0.268  -0.130 0.529
-0.069 0.222  -0.307 0.012
0.032 0.391  -0.080 0.118
-0.087 0.431  -0.080 0.008
0.167 0.348  -0.100 0.219
0.336 0.192  -0.233 0.336
0.195 0.112  -0.348 0.209
0.252 0.153  -0.288 0.273
0.410 0.195  -0.235 0.448
0.451 0.072  -0.347 0.451
-0.026 0.313  -0.202 0.058
0.176 0.265  -0.196 0.216
0.054 0.388  -0.080 0.127
-0.078 0.267  -0.264 0.009
0.341 0.348  -0.081 0.393
0.230 0.192  -0.241 0.276
0.199 0.155  -0.299 0.224
0.281 0.272  -0.173 0.330
0.002 0.390  -0.100 0.081
0.026 0.267  -0.238 0.092
0.236 0.318  -0.127 0.285
0.293 0.103  -0.364 0.304
0.330 0.061  -0.402 0.314
0.100 0.295  -0.192 0.167
0.353 0.232  -0.210 0.396
0.106 0.152  -0.324 0.155
0.393 0.155  -0.284 0.411
-0.046 0.334  -0.183 0.034
0.000 0.387  -0.094 0.084
-0.054 0.356  -0.141 0.040
0.436 0.314  -0.072 0.508
0.091 0.347  -0.115 0.163
0.313 0.275  -0.146 0.370
0.008 0.267  -0.225 0.081
0.479 0.181  -0.212 0.534
0.213 0.072  -0.380 0.241
0.158 0.391  -0.063 0.235
0.219 0.348  -0.089 0.276
0.186 0.235  -0.156 0.571
0.100 0.255  -0.229 0.153
0.241 0.293  -0.155 0.288
0.430 0.209  -0.170 0.486
-0.028 0.235  -0.207 0.060
-0.018 0.308  -0.146 0.054
0.423 0.152  -0.222 0.451
0.080 0.114  -0.325 0.135
0.275 0.195  -0.178 0.322
0.097 0.310  -0.097 0.169
0.264 0.150  -0.256 0.298
0.373 -0.014  -0.400 0.354
0.459 0.064  -0.337 0.454
0.491 0.232  -0.133 0.531
0.199 0.311  -0.084 0.256
-0.029 0.067  -0.383 0.044
-0.003 0.350  -0.071 0.071
0.348 0.305  -0.078 0.410
0.046 0.232  -0.196 0.117
0.275 0.028  -0.374 0.287
0.046 0.153  -0.293 0.097
0.407 0.146  -0.239 0.431
0.012 0.114  -0.327 0.084
0.169 0.029  -0.396 0.196
0.241 0.103  -0.316 0.256
0.192 0.215  -0.209 0.236
0.249 0.310  -0.083 0.281
0.091 0.327  -0.071 0.144
0.356 0.308  -0.064 0.407
0.198 0.110  -0.296 0.218
0.137 0.273  -0.127 0.204
0.241 0.189  -0.221 0.273
0.293 0.273  -0.127 0.342
0.239 0.152  -0.270 0.255
0.137 0.272  -0.133 0.190
0.430 0.307  -0.072 0.505
0.449 0.103  -0.293 0.462
0.374 0.074  -0.328 0.364
0.417 0.227  -0.166 0.454
0.457 0.155  -0.219 0.466
0.497 0.193  -0.190 0.537
0.385 0.031  -0.367 0.383
-0.091 0.186  -0.282 0.009
0.229 0.233  -0.179 0.281
0.345 0.114  -0.291 0.354
0.115 0.107  -0.325 0.163
0.031 0.074  -0.364 0.097
-0.008 0.196  -0.239 0.066
0.313 0.114  -0.265 0.339
0.410 0.031  -0.365 0.379
0.442 0.029  -0.368 0.436
0.120 0.184  -0.249 0.161
-0.044 0.278  -0.164 0.040
0.472 0.110  -0.268 0.486
0.360 0.072  -0.305 0.364
0.227 0.310  -0.083 0.270
0.201 0.301  -0.094 0.250
-0.054 0.276  -0.175 0.032
0.311 0.152  -0.239 0.337
0.321 0.232  -0.149 0.359
0.419 0.015  -0.385 0.388
0.399 0.146  -0.247 0.420
0.377 0.311  -0.061 0.413
0.377 0.041  -0.347 0.368
-0.028 0.155  -0.291 0.055
0.360 0.272  -0.092 0.426
0.112 0.275  -0.144 0.161
0.472 0.141  -0.252 0.506
0.362 0.195  -0.183 0.419
0.138 0.276  -0.109 0.215
-0.043 0.304  -0.137 0.040
0.407 0.193  -0.170 0.439
0.187 0.155  -0.270 0.229
0.183 0.031  -0.385 0.202
0.288 0.155  -0.255 0.307
0.008 0.229  -0.224 0.083
0.252 0.074  -0.348 0.268
0.408 0.227  -0.143 0.448
-0.040 0.187  -0.282 0.038
0.316 0.032  -0.371 0.313
0.201 0.072  -0.337 0.233
0.365 0.072  -0.337 0.380
0.140 0.311  -0.095 0.195
0.002 0.112  -0.330 0.060
0.390 0.184  -0.209 0.414
-0.029 0.196  -0.245 0.046
0.373 0.114  -0.290 0.388
0.169 0.144  -0.285 0.216
-0.005 0.276  -0.175 0.077
0.121 0.072  -0.348 0.163
0.006 0.311  -0.130 0.087
0.422 0.189  -0.175 0.457
0.360 0.265  -0.103 0.425
0.290 0.273  -0.118 0.357
0.087 0.149  -0.278 0.135
0.275 0.109  -0.314 0.282
0.405 0.031  -0.368 0.388
0.224 0.155  -0.262 0.256
0.138 0.311  -0.114 0.202
0.161 0.031  -0.388 0.190
0.130 0.311  -0.107 0.202
0.077 0.109  -0.336 0.121
0.172 0.227  -0.172 0.213
0.244 0.114  -0.302 0.267
-0.069 0.308  -0.167 0.023
0.472 0.272  -0.098 0.531
0.124 0.066  -0.373 0.156
0.273 0.273  -0.127 0.318
0.364 0.069  -0.339 0.354
0.362 0.310  -0.057 0.428
0.298 0.302  -0.077 0.359
0.089 0.357  -0.046 0.146
0.129 0.232  -0.196 0.190
0.273 0.321  -0.058 0.345
-0.071 0.357  -0.083 0.017
0.472 0.028  -0.373 0.454
0.209 0.272  -0.124 0.252
0.160 0.302  -0.126 0.218
0.224 0.262  -0.126 0.273
0.298 0.069  -0.328 0.305
0.293 0.031  -0.368 0.293
0.179 0.322  -0.075 0.236
0.426 0.023  -0.368 0.419
0.273 0.195  -0.195 0.308
0.227 0.155  -0.256 0.255
0.143 0.227  -0.173 0.195
0.436 0.186  -0.201 0.485
0.038 0.351  -0.081 0.109
0.267 0.149  -0.256 0.284
0.466 0.117  -0.267 0.488
-0.040 0.390  -0.071 0.044
0.351 0.060  -0.362 0.348
0.003 0.072  -0.388 0.077
-0.041 0.273  -0.189 0.034
-0.044 0.265  -0.215 0.028
0.242 0.186  -0.202 0.287
-0.069 0.158  -0.318 0.020
0.517 0.233  -0.123 0.558
0.341 0.083  -0.304 0.353
0.117 0.273  -0.153 0.184
0.517 0.147  -0.232 0.535
0.405 0.158  -0.239 0.416
0.097 0.031  -0.394 0.132
0.236 0.029  -0.373 0.247
0.322 0.311  -0.081 0.373
0.311 0.112  -0.291 0.336
0.479 0.276  -0.081 0.535
0.321 0.028  -0.379 0.305
0.405 0.195  -0.187 0.439
0.209 0.074  -0.351 0.224
0.377 0.075  -0.341 0.371
0.127 0.104  -0.334 0.170
0.509 0.273  -0.078 0.583
0.124 0.304  -0.110 0.187
-0.041 0.233  -0.218 0.048
0.081 0.060  -0.380 0.120
0.379 0.311  -0.077 0.439
0.250 0.304  -0.110 0.296
-0.087 0.195  -0.278 0.014
0.238 0.281  -0.115 0.288
0.449 0.109  -0.278 0.466
0.190 0.115  -0.298 0.209
0.000 0.114  -0.337 0.058
0.207 0.074  -0.347 0.241
0.397 0.074  -0.337 0.399
0.169 0.114  -0.314 0.195
0.423 0.311  -0.063 0.500
0.410 0.081  -0.310 0.416
0.002 0.114  -0.351 0.061
0.469 0.272  -0.110 0.518
0.357 0.184  -0.199 0.391
-0.035 0.112  -0.347 0.040
0.032 0.043  -0.397 0.101
0.321 0.275  -0.115 0.387
0.048 0.067  -0.371 0.100
0.075 0.129  -0.305 0.138
0.084 0.350  -0.081 0.150
-0.040 0.345  -0.100 0.040
0.091 0.348  -0.091 0.160
0.178 0.061  -0.379 0.210
0.380 0.029  -0.376 0.370
0.230 0.273  -0.123 0.281
0.216 0.138  -0.290 0.235
0.410 0.048  -0.348 0.416
0.046 0.196  -0.235 0.120
0.431 -0.012  -0.397 0.399
0.275 0.233  -0.178 0.302
0.344 0.072  -0.337 0.347
0.238 0.273  -0.117 0.282
0.431 0.160  -0.233 0.439
-0.028 0.193  -0.273 0.055
-0.026 0.155  -0.304 0.048
-0.086 0.225  -0.258 0.017
0.138 0.296  -0.138 0.202
-0.054 0.348  -0.127 0.038
0.101 0.348  -0.063 0.166
-0.012 0.348  -0.109 0.064
0.121 0.308  -0.109 0.192
0.469 0.184  -0.207 0.499
-0.032 0.311  -0.144 0.035
0.360 0.305  -0.077 0.430
0.491 0.152  -0.233 0.508
0.038 0.195  -0.242 0.097
0.144 0.074  -0.348 0.175
0.342 0.143  -0.259 0.370
0.491 0.233  -0.156 0.532
0.249 0.166  -0.229 0.270
0.416 0.074  -0.324 0.419
0.410 0.273  -0.121 0.479
0.416 0.221  -0.156 0.457
0.322 0.272  -0.130 0.374
0.051 0.189  -0.256 0.118
0.250 0.273  -0.115 0.299
0.175 0.075  -0.344 0.195
0.282 0.166  -0.229 0.308
-0.058 0.276  -0.173 0.023
0.101 0.193  -0.232 0.155
0.423 0.311  -0.069 0.492
0.195 0.109  -0.308 0.209
-0.026 0.201  -0.247 0.061
-0.012 0.074  -0.373 0.061
0.282 0.195  -0.210 0.325
0.322 0.276  -0.104 0.368
0.410 0.193  -0.175 0.430
0.038 0.350  -0.080 0.114
0.167 0.345  -0.067 0.224
-0.006 0.305  -0.146 0.069
0.130 0.152  -0.281 0.172
0.143 0.350  -0.058 0.195
0.301 0.190  -0.221 0.322
0.130 0.265  -0.169 0.190
0.321 0.193  -0.183 0.360
0.331 0.311  -0.071 0.394
-0.067 0.302  -0.163 0.015
0.268 0.152  -0.239 0.302
0.325 0.235  -0.149 0.373
0.135 0.314  -0.115 0.212
0.066 0.106  -0.347 0.115
0.342 0.029  -0.394 0.339
0.396 0.233  -0.137 0.459
0.365 0.233  -0.156 0.414
0.407 0.195  -0.195 0.437
0.410 0.195  -0.195 0.437
0.371 0.273  -0.104 0.428
0.313 0.273  -0.104 0.360
0.229 0.189  -0.207 0.261
0.281 0.305  -0.078 0.301
0.281 0.265  -0.112 0.295
0.115 0.044  -0.385 0.156
0.227 0.275  -0.138 0.281
0.127 0.324  -0.081 0.187
0.038 0.066  -0.365 0.097
0.322 0.163  -0.238 0.362
0.132 0.109  -0.327 0.179
0.219 0.275  -0.129 0.281
0.330 0.121  -0.278 0.330
0.423 0.313  -0.061 0.488
0.092 0.314  -0.095 0.129
0.383 0.227  -0.135 0.436
-0.071 0.275  -0.183 0.017
-0.003 0.152  -0.328 0.066
0.160 0.193  -0.232 0.204
0.178 0.229  -0.189 0.224
0.350 0.314  -0.072 0.417
0.430 0.005  -0.396 0.396
-0.071 0.195  -0.273 0.015
0.196 0.195  -0.229 0.230
0.353 0.184  -0.219 0.374
0.261 0.273  -0.115 0.310
0.379 0.305  -0.094 0.446
0.318 0.221  -0.183 0.350
-0.063 0.374  -0.087 0.029
0.219 0.302  -0.126 0.258
0.365 0.152  -0.242 0.403
0.009 0.124  -0.318 0.084
0.273 0.063  -0.367 0.282
0.278 0.230  -0.176 0.310
0.048 0.350  -0.067 0.110
0.431 0.106  -0.293 0.440
0.341 0.035  -0.371 0.336
0.219 0.186  -0.239 0.258
-0.031 0.265  -0.192 0.055
0.472 0.144  -0.261 0.511
-0.067 0.275  -0.195 0.009
0.253 0.201  -0.218 0.287
0.376 0.083  -0.304 0.370
0.319 0.275  -0.115 0.380
0.207 0.265  -0.130 0.249
0.345 0.067  -0.331 0.360
-0.029 0.276  -0.169 0.052
0.322 0.112  -0.287 0.353
0.489 0.233  -0.153 0.558
0.172 0.276  -0.146 0.230
0.038 0.304  -0.146 0.101
0.161 0.218  -0.209 0.209
0.403 0.160  -0.218 0.442
0.005 0.114  -0.350 0.069
0.393 0.311  -0.072 0.476
0.209 0.189  -0.233 0.239
0.130 0.109  -0.336 0.179
0.446 0.031  -0.360 0.436
0.091 0.230  -0.202 0.149
0.078 0.104  -0.348 0.132
0.508 0.273  -0.095 0.586
0.298 0.296  -0.112 0.348
0.008 0.304  -0.144 0.071
-0.239 -0.282  -0.664 -0.259
-0.623 -0.201  -0.606 -0.565
-0.249 -0.028  -0.411 -0.314
-0.143 -0.282  -0.676 -0.195
-0.179 -0.077  -0.465 -0.261
-0.264 0.074  -0.301 -0.351
-0.117 -0.034  -0.451 -0.199
-0.591 -0.242  -0.629 -0.517
-0.485 -0.006  -0.400 -0.528
-0.540 0.092  -0.264 -0.650
-0.523 -0.032  -0.408 -0.557
-0.607 -0.126  -0.541 -0.584
-0.123 -0.087  -0.502 -0.201
-0.293 0.078  -0.293 -0.387
-0.620 -0.163  -0.571 -0.574
-0.393 -0.127  -0.514 -0.397
-0.299 -0.005  -0.393 -0.365
-0.156 -0.255  -0.644 -0.202
-0.078 0.083  -0.325 -0.201
-0.434 -0.316  -0.678 -0.364
-0.580 -0.041  -0.448 -0.617
-0.331 -0.043  -0.437 -0.371
-0.054 -0.252  -0.661 -0.146
-0.709 -0.087  -0.396 -0.727
-0.276 -0.164  -0.557 -0.299
-0.476 0.035  -0.367 -0.534
-0.690 -0.100  -0.367 -0.713
-0.383 0.074  -0.295 -0.468
-0.667 -0.072  -0.491 -0.692
-0.403 0.097  -0.261 -0.494
-0.041 -0.097  -0.499 -0.152
-0.472 -0.285  -0.676 -0.383
-0.296 0.083  -0.288 -0.400
-0.115 0.091  -0.302 -0.238
-0.321 -0.054  -0.462 -0.373
-0.640 -0.087  -0.491 -0.653
-0.396 -0.244  -0.640 -0.367
-0.491 -0.006  -0.382 -0.531
-0.588 0.086  -0.276 -0.689
-0.693 -0.115  -0.515 -0.678
-0.632 -0.008  -0.403 -0.698
-0.449 0.097  -0.290 -0.535
-0.650 -0.195  -0.604 -0.595
-0.623 -0.058  -0.454 -0.666
-0.724 -0.048  -0.488 -0.742
-0.373 0.035  -0.348 -0.443
-0.451 -0.130  -0.514 -0.463
-0.244 0.094  -0.313 -0.339
-0.710 -0.035  -0.434 -0.752
-0.394 -0.201  -0.572 -0.388
-0.531 -0.129  -0.509 -0.523
-0.252 -0.328  -0.710 -0.259
-0.152 0.023  -0.397 -0.258
-0.143 -0.152  -0.551 -0.218
-0.472 0.097  -0.290 -0.558
-0.413 -0.324  -0.715 -0.342
-0.336 0.124  -0.310 -0.153
-0.661 0.051  -0.347 -0.739
-0.278 0.094  -0.313 -0.370
-0.270 0.117  -0.285 -0.344
-0.272 -0.275  -0.673 -0.282
-0.670 0.091  -0.319 -0.782
-0.420 -0.314  -0.703 -0.351
-0.183 -0.192  -0.586 -0.238
-0.130 0.120  -0.311 -0.233
-0.383 -0.003  -0.393 -0.460
-0.393 -0.087  -0.483 -0.405
-0.052 -0.192  -0.603 -0.149
-0.241 -0.118  -0.512 -0.301
-0.314 0.092  -0.288 -0.396
-0.385 -0.124  -0.534 -0.382
-0.258 -0.242  -0.649 -0.267
-0.549 0.038  -0.344 -0.614
-0.565 -0.120  -0.514 -0.548
-0.607 0.083  -0.316 -0.695
-0.606 0.005  -0.423 -0.658
-0.342 0.067  -0.325 -0.419
-0.143 -0.331  -0.727 -0.204
-0.377 0.037  -0.368 -0.431
-0.560 -0.003  -0.396 -0.609
-0.287 -0.089  -0.486 -0.356
-0.512 -0.285  -0.683 -0.445
-0.440 -0.087  -0.491 -0.453
-0.479 0.035  -0.367 -0.549
-0.611 -0.006  -0.396 -0.673
-0.457 -0.202  -0.584 -0.436
-0.244 -0.043  -0.459 -0.310
-0.522 -0.172  -0.583 -0.495
-0.403 0.097  -0.270 -0.486
-0.451 0.126  -0.259 -0.529
-0.650 0.092  -0.305 -0.752
-0.393 0.086  -0.305 -0.469
-0.221 0.110  -0.304 -0.311
-0.193 0.048  -0.362 -0.302
-0.210 -0.242  -0.632 -0.253
-0.465 -0.172  -0.584 -0.439
-0.730 -0.291  -0.726 -0.563
-0.250 0.124  -0.270 -0.353
-0.072 0.074  -0.347 -0.172
-0.440 0.034  -0.341 -0.497
-0.497 -0.282  -0.686 -0.425
-0.499 -0.212  -0.617 -0.456
-0.175 -0.086  -0.503 -0.255
-0.558 -0.051  -0.433 -0.574
-0.051 0.083  -0.357 -0.176
-0.316 -0.034  -0.443 -0.374
-0.465 -0.161  -0.557 -0.453
-0.198 -0.087  -0.489 -0.259
-0.064 0.081  -0.344 -0.176
-0.670 -0.206  -0.637 -0.580
-0.420 0.043  -0.333 -0.492
-0.173 -0.161  -0.565 -0.227
-0.270 0.112  -0.290 -0.357
-0.630 -0.074  -0.489 -0.621
-0.482 -0.044  -0.460 -0.512
-0.204 0.072  -0.344 -0.302
-0.650 -0.006  -0.403 -0.687
-0.732 -0.083  -0.512 -0.730
-0.419 0.040  -0.334 -0.485
-0.690 0.008  -0.396 -0.767
-0.328 0.038  -0.351 -0.408
-0.551 -0.051  -0.433 -0.584
-0.089 0.114  -0.310 -0.202
-0.276 -0.261  -0.663 -0.273
-0.592 0.011  -0.390 -0.660
-0.397 -0.003  -0.407 -0.453
-0.634 0.086  -0.321 -0.709
-0.112 -0.029  -0.460 -0.198
-0.514 -0.163  -0.583 -0.477
-0.482 -0.129  -0.541 -0.472
-0.485 -0.161  -0.558 -0.466
-0.290 -0.087  -0.502 -0.334
-0.238 -0.192  -0.580 -0.290
-0.229 -0.041  -0.456 -0.288
-0.117 -0.044  -0.456 -0.209
-0.434 -0.212  -0.615 -0.402
-0.202 0.104  -0.290 -0.307
-0.103 -0.043  -0.477 -0.198
-0.075 -0.130  -0.563 -0.170
-0.158 0.097  -0.299 -0.259
-0.118 -0.041  -0.457 -0.207
-0.436 0.003  -0.393 -0.486
-0.253 -0.293  -0.689 -0.258
-0.160 -0.127  -0.523 -0.236
-0.549 0.044  -0.360 -0.611
-0.407 -0.333  -0.730 -0.322
-0.239 -0.046  -0.463 -0.288
-0.589 -0.161  -0.568 -0.563
-0.081 -0.170  -0.578 -0.167
-0.439 -0.126  -0.540 -0.446
-0.130 -0.170  -0.580 -0.199
-0.488 -0.086  -0.483 -0.502
-0.275 -0.295  -0.696 -0.268
-0.522 0.044  -0.336 -0.612
-0.437 -0.239  -0.621 -0.391
-0.380 -0.043  -0.457 -0.410
-0.578 -0.126  -0.535 -0.571
-0.049 0.083  -0.350 -0.179
-0.669 0.009  -0.382 -0.746
-0.393 -0.201  -0.584 -0.387
-0.347 0.038  -0.370 -0.410
-0.051 -0.161  -0.563 -0.155
-0.244 0.035  -0.368 -0.328
-0.703 -0.253  -0.692 -0.574
-0.091 -0.170  -0.586 -0.186
-0.242 -0.043  -0.468 -0.313
-0.709 0.000  -0.396 -0.772
-0.741 -0.170  -0.612 -0.672
-0.732 -0.129  -0.565 -0.703
-0.609 -0.129  -0.554 -0.584
-0.485 0.037  -0.360 -0.548
-0.207 0.043  -0.350 -0.311
-0.270 0.083  -0.316 -0.353
-0.465 0.097  -0.270 -0.580
-0.528 0.014  -0.377 -0.600
-0.652 -0.170  -0.591 -0.611
-0.054 -0.044  -0.463 -0.160
-0.511 0.034  -0.342 -0.597
-0.287 -0.244  -0.635 -0.302
-0.387 -0.129  -0.514 -0.393
-0.620 0.006  -0.379 -0.672
-0.572 -0.044  -0.445 -0.603
-0.054 -0.212  -0.632 -0.158
-0.692 -0.241  -0.667 -0.595
-0.500 -0.161  -0.572 -0.477
-0.701 -0.044  -0.474 -0.726
-0.621 -0.313  -0.716 -0.500
-0.298 0.005  -0.385 -0.390
-0.742 -0.161  -0.592 -0.689
-0.621 -0.170  -0.592 -0.568
-0.693 -0.201  -0.614 -0.635
-0.172 0.035  -0.373 -0.265
-0.334 -0.089  -0.489 -0.368
-0.318 -0.048  -0.449 -0.359
-0.356 -0.141  -0.557 -0.364
-0.061 -0.252  -0.666 -0.152
-0.695 0.031  -0.383 -0.772
-0.302 -0.202  -0.591 -0.324
-0.334 -0.130  -0.546 -0.367
-0.414 -0.044  -0.456 -0.451
-0.275 0.095  -0.310 -0.376
-0.724 -0.192  -0.621 -0.661
-0.094 0.101  -0.324 -0.210
-0.077 -0.080  -0.489 -0.179
-0.324 -0.078  -0.494 -0.371
-0.114 0.072  -0.356 -0.233
-0.166 -0.293  -0.676 -0.209
-0.632 -0.081  -0.508 -0.632
-0.649 -0.244  -0.666 -0.549
-0.282 0.074  -0.322 -0.374
-0.561 -0.195  -0.603 -0.526
-0.330 -0.087  -0.492 -0.377
-0.262 -0.202  -0.601 -0.293
-0.710 -0.083  -0.523 -0.703
-0.710 -0.285  -0.716 -0.558
-0.675 -0.046  -0.482 -0.678
-0.239 -0.048  -0.445 -0.298
-0.397 -0.127  -0.511 -0.413
-0.499 0.034  -0.376 -0.546
-0.669 -0.021  -0.433 -0.710
-0.615 0.155  -0.249 -0.744
-0.202 -0.193  -0.603 -0.235
-0.495 0.078  -0.305 -0.575
-0.264 -0.328  -0.730 -0.264
-0.186 -0.242  -0.646 -0.233
-0.459 -0.044  -0.440 -0.492
-0.588 0.091  -0.276 -0.695
-0.568 -0.235  -0.635 -0.495
-0.282 0.124  -0.272 -0.374
-0.436 -0.318  -0.712 -0.359
-0.123 -0.043  -0.476 -0.206
-0.117 -0.124  -0.532 -0.204
-0.284 0.089  -0.304 -0.365
-0.241 0.046  -0.374 -0.330
-0.241 -0.241  -0.647 -0.259
-0.640 0.091  -0.285 -0.762
-0.650 -0.032  -0.466 -0.655
-0.526 0.117  -0.255 -0.618
-0.529 -0.081  -0.502 -0.526
-0.423 -0.086  -0.477 -0.434
-0.439 -0.164  -0.546 -0.426
-0.235 0.104  -0.295 -0.324
-0.393 -0.126  -0.523 -0.417
-0.193 -0.210  -0.615 -0.236
-0.337 -0.282  -0.680 -0.330
-0.178 -0.005  -0.423 -0.256
-0.342 0.035  -0.371 -0.399
-0.290 -0.161  -0.545 -0.331
-0.630 0.083  -0.285 -0.729
-0.649 -0.195  -0.612 -0.597
-0.440 -0.087  -0.491 -0.439
-0.482 0.034  -0.370 -0.551
-0.514 0.069  -0.318 -0.586
-0.738 -0.035  -0.457 -0.770
-0.538 0.043  -0.337 -0.612
-0.485 -0.003  -0.419 -0.514
-0.153 0.080  -0.324 -0.256
-0.592 -0.037  -0.434 -0.641
-0.525 -0.127  -0.535 -0.500
-0.124 -0.192  -0.594 -0.195
-0.393 0.005  -0.387 -0.437
-0.437 -0.006  -0.407 -0.472
-0.505 -0.006  -0.414 -0.540
-0.121 0.112  -0.301 -0.222
-0.554 -0.072  -0.474 -0.571
-0.732 -0.075  -0.476 -0.735
-0.212 -0.288  -0.683 -0.232
-0.512 -0.129  -0.535 -0.512
-0.268 -0.242  -0.634 -0.276
-0.327 0.103  -0.272 -0.422
-0.525 -0.114  -0.522 -0.528
-0.173 -0.245  -0.644 -0.216
-0.141 0.092  -0.310 -0.249
-0.681 -0.071  -0.463 -0.692
-0.451 0.097  -0.313 -0.520
-0.566 0.008  -0.408 -0.611
-0.442 -0.044  -0.439 -0.472
-0.518 -0.213  -0.615 -0.472
-0.063 -0.324  -0.709 -0.153
-0.644 0.072  -0.337 -0.716
-0.571 -0.126  -0.522 -0.552
-0.479 -0.081  -0.468 -0.488
-0.250 -0.127  -0.548 -0.282
-0.063 0.074  -0.383 -0.161
-0.276 0.126  -0.291 -0.360
-0.632 0.041  -0.362 -0.707
-0.640 -0.130  -0.535 -0.629
-0.695 -0.207  -0.643 -0.601
-0.407 0.104  -0.282 -0.479
-0.411 -0.212  -0.614 -0.388
-0.293 -0.295  -0.710 -0.267
-0.413 -0.021  -0.442 -0.449
-0.048 0.155  -0.301 -0.181
-0.334 -0.124  -0.554 -0.158
-0.724 0.032  -0.400 -0.769
-0.405 -0.008  -0.420 -0.437
-0.518 -0.166  -0.588 -0.492
-0.440 -0.008  -0.426 -0.492
-0.692 0.072  -0.354 -0.769
-0.370 -0.245  -0.650 -0.334
-0.538 -0.175  -0.575 -0.499
-0.448 0.046  -0.345 -0.503
-0.732 0.031  -0.407 -0.784
-0.661 0.072  -0.334 -0.758
-0.486 -0.242  -0.647 -0.423
-0.252 -0.215  -0.609 -0.285
-0.554 -0.011  -0.437 -0.581
-0.158 -0.256  -0.663 -0.204
-0.314 0.032  -0.383 -0.383
-0.666 -0.244  -0.678 -0.545
-0.436 0.043  -0.362 -0.511
-0.094 -0.091  -0.522 -0.193
-0.163 -0.328  -0.736 -0.206
-0.577 -0.060  -0.477 -0.601
-0.239 0.034  -0.377 -0.321
-0.632 -0.009  -0.426 -0.680
-0.391 -0.049  -0.460 -0.428
-0.092 -0.166  -0.588 -0.176
-0.233 -0.216  -0.637 -0.253
-0.074 0.075  -0.359 -0.190
-0.701 0.040  -0.373 -0.790
-0.403 -0.267  -0.672 -0.364
-0.657 -0.285  -0.727 -0.529
-0.327 -0.169  -0.583 -0.348
-0.126 -0.054  -0.497 -0.207
-0.669 -0.166  -0.620 -0.614
-0.196 -0.127  -0.534 -0.264
-0.074 -0.084  -0.518 -0.172
-0.554 -0.126  -0.531 -0.541
-0.480 0.072  -0.314 -0.546
-0.391 0.084  -0.314 -0.469
-0.693 -0.008  -0.451 -0.723
-0.442 0.002  -0.396 -0.495
-0.199 -0.262  -0.686 -0.222
-0.638 -0.176  -0.606 -0.609
-0.193 0.038  -0.391 -0.290
-0.512 -0.081  -0.508 -0.531
-0.391 -0.241  -0.647 -0.357
-0.617 0.106  -0.299 -0.726
-0.252 -0.207  -0.606 -0.275
-0.672 -0.199  -0.641 -0.607
-0.325 0.114  -0.276 -0.433
-0.543 -0.207  -0.634 -0.495
-0.339 -0.089  -0.534 -0.158
-0.100 -0.169  -0.607 -0.193
-0.196 0.114  -0.328 -0.301
-0.549 0.072  -0.328 -0.626
-0.617 -0.247  -0.664 -0.518
-0.554 0.126  -0.268 -0.647
-0.557 -0.258  -0.649 -0.485
-0.313 -0.078  -0.459 -0.377
-0.259 -0.152  -0.551 -0.310
-0.117 -0.083  -0.502 -0.202
-0.163 -0.008  -0.416 -0.268
-0.580 -0.236  -0.634 -0.511
-0.210 -0.086  -0.485 -0.287
-0.709 -0.276  -0.698 -0.574
-0.173 0.032  -0.377 -0.258
-0.561 -0.118  -0.532 -0.560
-0.290 -0.006  -0.403 -0.374
-0.560 0.117  -0.268 -0.678
-0.606 -0.206  -0.606 -0.566
-0.437 -0.204  -0.606 -0.414
-0.258 -0.253  -0.649 -0.278
-0.167 -0.008  -0.403 -0.262
-0.144 0.029  -0.379 -0.244
-0.667 -0.155  -0.581 -0.627
-0.483 0.117  -0.267 -0.591
-0.603 0.127  -0.259 -0.706
-0.092 0.052  -0.371 -0.216
-0.416 -0.087  -0.485 -0.454
-0.601 0.043  -0.336 -0.693
-0.032 0.155  -0.290 -0.161
-0.368 -0.334  -0.715 -0.321
-0.333 0.083  -0.287 -0.430
-0.601 -0.035  -0.431 -0.632
-0.225 -0.196  -0.592 -0.259
-0.558 -0.204  -0.612 -0.502
-0.370 -0.163  -0.552 -0.376
-0.607 -0.202  -0.617 -0.558
-0.370 -0.006  -0.413 -0.423
-0.103 -0.029  -0.426 -0.202
-0.442 -0.196  -0.597 -0.410
-0.394 -0.163  -0.540 -0.411
-0.489 -0.244  -0.627 -0.445
-0.304 -0.048  -0.428 -0.368
-0.643 -0.046  -0.471 -0.680
-0.199 0.009  -0.379 -0.275
-0.238 -0.046  -0.436 -0.304
-0.707 0.008  -0.383 -0.782
-0.054 -0.037  -0.460 -0.163
-0.281 0.057  -0.325 -0.376
-0.155 -0.316  -0.695 -0.218
-0.703 -0.163  -0.584 -0.664
-0.170 -0.006  -0.426 -0.249
-0.198 -0.316  -0.699 -0.235
-0.327 -0.244  -0.634 -0.321
-0.600 0.041  -0.342 -0.696
-0.247 -0.193  -0.568 -0.287
-0.140 0.158  -0.255 -0.245
-0.399 -0.069  -0.448 -0.453
-0.388 -0.163  -0.546 -0.388
-0.726 -0.163  -0.601 -0.653
-0.663 -0.127  -0.537 -0.653
-0.520 -0.328  -0.703 -0.413
-0.428 -0.086  -0.492 -0.446
-0.661 -0.038  -0.442 -0.701
-0.692 -0.195  -0.603 -0.627
-0.569 -0.284  -0.666 -0.479
-0.692 0.078  -0.319 -0.788
-0.701 0.049  -0.362 -0.787
-0.370 -0.198  -0.571 -0.359
-0.453 -0.006  -0.405 -0.482
-0.703 -0.160  -0.583 -0.650
-0.288 -0.160  -0.549 -0.318
-0.155 0.118  -0.291 -0.255
-0.314 -0.195  -0.578 -0.328
-0.634 -0.009  -0.430 -0.647
-0.541 -0.034  -0.448 -0.566
-0.209 -0.037  -0.454 -0.276
-0.514 0.031  -0.373 -0.566
-0.284 -0.275  -0.649 -0.284
-0.245 -0.124  -0.538 -0.282
-0.666 -0.242  -0.652 -0.571
-0.132 0.166  -0.256 -0.239
-0.379 -0.344  -0.713 -0.327
-0.175 0.074  -0.324 -0.262
-0.638 -0.032  -0.431 -0.690
-0.693 -0.075  -0.477 -0.695
-0.051 0.011  -0.414 -0.172
-0.144 -0.316  -0.695 -0.186
-0.193 0.126  -0.267 -0.305
-0.460 0.089  -0.302 -0.545
-0.477 -0.235  -0.643 -0.422
-0.252 0.155  -0.255 -0.341
-0.397 0.086  -0.298 -0.480
-0.040 -0.038  -0.457 -0.146
-0.477 -0.181  -0.606 -0.451
-0.676 -0.015  -0.426 -0.747
-0.449 0.077  -0.328 -0.528
-0.063 0.121  -0.328 -0.170
-0.187 -0.195  -0.612 -0.225
-0.064 0.155  -0.296 -0.176
-0.087 0.084  -0.356 -0.192
-0.419 -0.287  -0.690 -0.344
-0.609 -0.086  -0.502 -0.589
-0.281 0.031  -0.390 -0.357
-0.630 -0.037  -0.460 -0.640
-0.606 -0.037  -0.466 -0.615
-0.067 -0.089  -0.517 -0.163
-0.184 -0.109  -0.518 -0.252
-0.360 -0.049  -0.453 -0.394
-0.537 -0.210  -0.634 -0.482
-0.561 -0.282  -0.692 -0.462
-0.084 -0.087  -0.528 -0.172
-0.549 -0.204  -0.614 -0.492
-0.609 0.040  -0.351 -0.678
-0.661 -0.031  -0.426 -0.719
-0.566 -0.209  -0.630 -0.494
-0.044 0.155  -0.288 -0.163
-0.554 0.123  -0.258 -0.666
-0.206 0.046  -0.370 -0.301
-0.460 -0.091  -0.509 -0.479
-0.100 0.003  -0.422 -0.201
-0.101 -0.021  -0.439 -0.201
-0.572 0.000  -0.396 -0.641
-0.641 -0.035  -0.457 -0.655
-0.400 -0.204  -0.620 -0.370
-0.692 0.040  -0.387 -0.776
-0.580 -0.032  -0.440 -0.615
-0.440 -0.167  -0.569 -0.417
-0.245 0.117  -0.287 -0.341
-0.673 0.124  -0.270 -0.782
-0.081 0.006  -0.423 -0.183
-0.552 -0.025  -0.420 -0.592
-0.678 -0.089  -0.514 -0.670
-0.201 -0.083  -0.502 -0.258
-0.667 -0.080  -0.485 -0.667
-0.414 0.084  -0.333 -0.491
-0.618 -0.080  -0.483 -0.618
-0.463 0.084  -0.299 -0.548
-0.578 -0.043  -0.472 -0.589
-0.649 -0.169  -0.601 -0.581
-0.485 -0.046  -0.472 -0.508
-0.285 -0.077  -0.502 -0.331
-0.299 0.117  -0.279 -0.399
-0.368 -0.080  -0.499 -0.383
-0.733 -0.002  -0.417 -0.770
-0.083 -0.318  -0.729 -0.158
-0.495 -0.163  -0.577 -0.483
-0.253 -0.127  -0.555 -0.290
-0.354 0.117  -0.299 -0.434
-0.422 0.084  -0.299 -0.503
-0.618 -0.080  -0.499 -0.612
-0.649 -0.071  -0.492 -0.652
-0.397 -0.199  -0.614 -0.371
-0.730 -0.163  -0.597 -0.657
-0.322 -0.020  -0.434 -0.382
-0.500 -0.124  -0.546 -0.492
-0.637 0.140  -0.258 -0.741
-0.632 -0.023  -0.416 -0.680
-0.410 -0.328  -0.726 -0.328
-0.569 -0.091  -0.523 -0.546
-0.486 -0.048  -0.474 -0.497
-0.245 0.035  -0.391 -0.334
-0.666 -0.163  -0.603 -0.600
-0.172 0.086  -0.325 -0.278
-0.087 -0.025  -0.445 -0.192
-0.479 0.074  -0.327 -0.561
-0.172 -0.080  -0.508 -0.239
-0.273 -0.273  -0.669 -0.268
-0.436 0.044  -0.345 -0.495
-0.719 0.035  -0.370 -0.784
-0.690 0.048  -0.353 -0.765
-0.334 0.084  -0.337 -0.423
-0.523 0.084  -0.293 -0.606
-0.465 -0.046  -0.460 -0.480
-0.169 -0.046  -0.472 -0.258
-0.199 0.133  -0.299 -0.299
-0.149 0.011  -0.413 -0.242
-0.476 -0.120  -0.531 -0.485
-0.333 -0.285  -0.689 -0.296
-0.345 -0.012  -0.402 -0.416
-0.193 -0.040  -0.471 -0.270
-0.491 0.077  -0.337 -0.563
-0.538 -0.043  -0.472 -0.543
-0.638 0.114  -0.296 -0.730
-0.410 -0.080  -0.502 -0.414
-0.204 -0.225  -0.623 -0.239
-0.603 -0.169  -0.600 -0.548
-0.566 -0.242  -0.663 -0.485
-0.526 -0.087  -0.511 -0.515
-0.400 -0.242  -0.647 -0.367
-0.692 0.000  -0.423 -0.730
-0.083 -0.014  -0.445 -0.176
-0.117 0.124  -0.313 -0.216
-0.517 -0.206  -0.600 -0.486
-0.557 0.124  -0.256 -0.649
-0.534 -0.046  -0.463 -0.574
-0.486 0.084  -0.314 -0.574
-0.133 -0.155  -0.565 -0.218
-0.512 0.084  -0.305 -0.615
-0.081 -0.225  -0.641 -0.164
-0.683 -0.163  -0.597 -0.640
-0.649 -0.163  -0.588 -0.598
-0.650 -0.163  -0.584 -0.617
-0.554 -0.002  -0.408 -0.595
-0.428 -0.048  -0.459 -0.456
-0.437 -0.029  -0.423 -0.468
-0.508 -0.002  -0.403 -0.546
-0.241 -0.204  -0.626 -0.252
-0.595 -0.124  -0.532 -0.588
-0.538 0.075  -0.327 -0.621
-0.345 -0.206  -0.618 -0.333
-0.661 -0.043  -0.462 -0.693
-0.606 -0.038  -0.459 -0.647
-0.664 -0.236  -0.663 -0.578
-0.620 -0.087  -0.525 -0.621
-0.569 0.000  -0.411 -0.621
-0.479 -0.273  -0.681 -0.407
-0.486 -0.124  -0.535 -0.489
-0.405 0.077  -0.331 -0.469
-0.566 0.124  -0.282 -0.655
-0.284 -0.207  -0.607 -0.302
-0.083 0.166  -0.264 -0.206
-0.699 -0.170  -0.609 -0.624
-0.086 0.044  -0.385 -0.198
-0.554 -0.038  -0.440 -0.571
-0.523 0.117  -0.270 -0.632
-0.485 -0.318  -0.726 -0.368
-0.379 -0.048  -0.453 -0.414
-0.132 -0.305  -0.704 -0.195
-0.396 0.057  -0.337 -0.485
-0.170 0.000  -0.428 -0.253
-0.566 0.040  -0.350 -0.650
-0.054 -0.163  -0.598 -0.155
-0.551 -0.325  -0.721 -0.445
-0.680 -0.011  -0.436 -0.735
-0.052 -0.123  -0.554 -0.153
-0.561 -0.247  -0.663 -0.488
-0.175 0.117  -0.313 -0.279
-0.034 0.008  -0.425 -0.155
-0.163 0.123  -0.310 -0.276
-0.581 0.123  -0.281 -0.687
-0.132 0.011  -0.411 -0.225
-0.512 -0.121  -0.517 -0.497
-0.726 -0.170  -0.620 -0.643
-0.635 -0.040  -0.442 -0.681
-0.040 -0.034  -0.471 -0.149
-0.489 -0.121  -0.548 -0.472
-0.282 0.035  -0.368 -0.368
-0.474 -0.325  -0.727 -0.364
-0.051 -0.124  -0.545 -0.163
-0.078 -0.130  -0.546 -0.172
-0.360 -0.293  -0.692 -0.318
-0.298 0.044  -0.364 -0.359
-0.144 -0.038  -0.471 -0.230
-0.241 -0.285  -0.699 -0.253
-0.327 -0.244  -0.655 -0.322
-0.517 -0.087  -0.511 -0.505
-0.337 -0.048  -0.472 -0.393
-0.535 -0.077  -0.508 -0.537
-0.706 -0.040  -0.451 -0.746
-0.523 -0.031  -0.422 -0.578
-0.037 0.084  -0.371 -0.150
-0.468 -0.195  -0.600 -0.446
-0.161 0.021  -0.416 -0.239
-0.603 -0.091  -0.522 -0.594
-0.364 -0.037  -0.431 -0.423
-0.440 -0.190  -0.598 -0.420
-0.693 -0.202  -0.638 -0.623
-0.647 0.034  -0.373 -0.721
-0.443 -0.318  -0.707 -0.356
-0.565 -0.048  -0.446 -0.589
-0.164 -0.121  -0.546 -0.242
-0.591 -0.089  -0.506 -0.601
-0.314 0.084  -0.308 -0.408
-0.621 -0.206  -0.632 -0.557
-0.607 -0.284  -0.695 -0.502
-0.560 -0.046  -0.465 -0.574
-0.249 -0.038  -0.445 -0.318
-0.554 -0.038  -0.445 -0.591
-0.041 -0.153  -0.577 -0.143
-0.250 0.137  -0.264 -0.351
-0.540 0.043  -0.357 -0.611
-0.456 -0.080  -0.483 -0.474
-0.568 -0.167  -0.588 -0.532
-0.221 0.156  -0.253 -0.328
-0.035 0.084  -0.356 -0.167
-0.032 0.124  -0.324 -0.169
-0.084 -0.213  -0.630 -0.172
-0.462 -0.284  -0.678 -0.399
-0.657 -0.293  -0.707 -0.515
-0.313 -0.190  -0.591 -0.310
-0.710 0.078  -0.344 -0.790
-0.558 0.067  -0.345 -0.621
-0.388 0.005  -0.391 -0.442
-0.258 0.084  -0.344 -0.357
-0.512 -0.267  -0.649 -0.439
-0.221 0.117  -0.299 -0.325
-0.476 -0.091  -0.500 -0.488
-0.678 -0.204  -0.627 -0.615
-0.284 0.155  -0.267 -0.393
-0.669 -0.195  -0.623 -0.606
-0.488 -0.293  -0.693 -0.393
-0.374 -0.175  -0.557 -0.377
-0.313 0.155  -0.253 -0.414
-0.620 -0.080  -0.488 -0.638
-0.341 0.075  -0.336 -0.402
-0.703 0.006  -0.405 -0.750
-0.199 0.161  -0.253 -0.301
-0.215 0.052  -0.354 -0.299
-0.641 -0.120  -0.522 -0.640
-0.663 0.124  -0.270 -0.778
-0.537 -0.235  -0.637 -0.474
-0.051 -0.080  -0.517 -0.156
-0.555 -0.080  -0.492 -0.558
-0.523 -0.321  -0.713 -0.407
-0.118 0.124  -0.311 -0.221
-0.219 -0.209  -0.617 -0.252
-0.523 -0.046  -0.456 -0.568
-0.502 0.075  -0.327 -0.580
-0.459 -0.356  -0.736 -0.345
-0.299 0.117  -0.291 -0.391
-0.581 -0.155  -0.557 -0.552
-0.477 -0.314  -0.706 -0.394
-0.132 0.078  -0.362 -0.225
-0.672 -0.032  -0.437 -0.706
-0.581 0.006  -0.383 -0.640
-0.568 -0.195  -0.615 -0.512
-0.402 0.115  -0.290 -0.499
-0.692 0.083  -0.302 -0.798
-0.693 -0.195  -0.604 -0.632
-0.123 -0.202  -0.603 -0.192
-0.302 0.117  -0.288 -0.393
-0.436 0.402  0.060 -0.604
-0.344 0.249  -0.115 -0.460
-0.253 0.127  -0.242 -0.351
-0.558 0.405  0.097 -0.770
-0.110 0.405  0.011 -0.232
-0.368 0.167  -0.202 -0.465
-0.115 0.169  -0.242 -0.241
-0.434 0.365  0.043 -0.583
-0.146 0.288  -0.104 -0.284
-0.104 0.442  0.044 -0.250
-0.571 0.250  -0.077 -0.730
-0.509 0.284  -0.057 -0.652
-0.192 0.322  -0.048 -0.341
-0.374 0.403  0.077 -0.540
-0.385 0.443  0.084 -0.549
-0.252 0.364  0.012 -0.397
-0.298 0.364  -0.008 -0.423
-0.109 0.364  -0.029 -0.252
-0.299 0.403  0.058 -0.451
-0.023 0.199  -0.230 -0.149
-0.342 0.325  -0.035 -0.495
0.017 0.282  -0.164 -0.117
-0.225 0.127  -0.278 -0.330
-0.308 0.127  -0.267 -0.417
-0.078 0.167  -0.239 -0.195
-0.287 0.284  -0.098 -0.402
-0.313 0.287  -0.067 -0.439
0.041 0.373  -0.044 -0.106
-0.491 0.288  -0.069 -0.641
-0.422 0.086  -0.279 -0.531
-0.551 0.285  -0.063 -0.710
-0.595 0.322  -0.026 -0.781
0.008 0.443  0.006 -0.129
-0.046 0.201  -0.221 -0.167
-0.017 0.281  -0.143 -0.144
-0.164 0.118  -0.296 -0.273
-0.371 0.284  -0.091 -0.523
-0.594 0.330  -0.008 -0.769
-0.387 0.086  -0.307 -0.471
0.029 0.287  -0.149 -0.112
-0.374 0.209  -0.175 -0.505
-0.032 0.127  -0.305 -0.163
-0.129 0.443  0.046 -0.272
-0.537 0.046  -0.319 -0.618
-0.334 0.364  0.026 -0.492
-0.528 0.331  -0.002 -0.710
-0.267 0.166  -0.209 -0.374
-0.350 0.322  -0.035 -0.503
-0.149 0.405  0.009 -0.279
-0.411 0.140  -0.222 -0.518
-0.508 0.367  0.038 -0.704
-0.497 0.391  0.055 -0.663
-0.109 0.362  -0.034 -0.236
0.014 0.167  -0.265 -0.137
-0.143 0.285  -0.115 -0.262
-0.451 0.322  -0.026 -0.620
-0.506 0.126  -0.253 -0.615
-0.054 0.365  -0.052 -0.183
-0.453 0.087  -0.284 -0.535
0.048 0.252  -0.192 -0.106
-0.218 0.285  -0.095 -0.347
-0.411 0.252  -0.115 -0.563
-0.548 0.365  0.021 -0.709
-0.227 0.221  -0.161 -0.362
-0.018 0.252  -0.170 -0.143
-0.287 0.284  -0.080 -0.410
-0.196 0.365  -0.025 -0.336
-0.218 0.209  -0.207 -0.324
-0.356 0.210  -0.146 -0.482
-0.031 0.408  0.005 -0.170
-0.529 0.241  -0.129 -0.670
-0.591 0.250  -0.118 -0.736
-0.298 0.127  -0.253 -0.399
-0.357 0.365  -0.017 -0.488
-0.112 0.291  -0.127 -0.238
-0.330 0.087  -0.276 -0.417
-0.253 0.365  -0.015 -0.390
-0.380 0.169  -0.201 -0.489
-0.021 0.405  -0.020 -0.138
-0.060 0.324  -0.097 -0.181
-0.210 0.331  -0.038 -0.347
-0.569 0.209  -0.138 -0.695
-0.548 0.210  -0.147 -0.673
-0.023 0.405  -0.023 -0.146
-0.376 0.250  -0.138 -0.506
-0.179 0.241  -0.173 -0.290
-0.146 0.210  -0.202 -0.259
-0.405 0.169  -0.190 -0.506
-0.465 0.252  -0.103 -0.595
-0.232 0.169  -0.219 -0.336
-0.054 0.288  -0.127 -0.190
-0.572 0.250  -0.112 -0.724
-0.344 0.087  -0.296 -0.417
-0.052 0.121  -0.310 -0.178
-0.249 0.120  -0.281 -0.353
-0.489 0.048  -0.316 -0.580
-0.465 0.087  -0.282 -0.546
-0.282 0.324  -0.048 -0.405
-0.032 0.207  -0.219 -0.160
-0.453 0.364  0.000 -0.589
-0.253 0.084  -0.321 -0.347
-0.308 0.324  -0.032 -0.453
-0.287 0.321  -0.034 -0.431
-0.037 0.290  -0.127 -0.161
-0.416 0.393  0.032 -0.563
-0.067 0.247  -0.169 -0.201
-0.583 0.319  0.011 -0.739
-0.373 0.285  -0.101 -0.488
-0.031 0.364  -0.074 -0.155
-0.086 0.403  -0.011 -0.209
-0.190 0.324  -0.075 -0.310
-0.178 0.084  -0.322 -0.273
-0.304 0.250  -0.143 -0.433
-0.158 0.250  -0.164 -0.272
-0.360 0.087  -0.302 -0.446
-0.164 0.445  0.066 -0.318
-0.060 0.207  -0.213 -0.189
-0.103 0.176  -0.238 -0.209
-0.529 0.087  -0.316 -0.618
-0.423 0.365  0.011 -0.561
-0.067 0.209  -0.202 -0.198
-0.190 0.252  -0.130 -0.322
-0.249 0.167  -0.202 -0.374
-0.087 0.324  -0.094 -0.219
-0.541 0.206  -0.160 -0.680
-0.422 0.169  -0.225 -0.509
-0.548 0.324  -0.031 -0.701
-0.465 0.330  -0.035 -0.629
-0.242 0.290  -0.097 -0.357
-0.023 0.402  -0.012 -0.163
-0.311 0.167  -0.225 -0.405
-0.517 0.374  0.044 -0.692
-0.141 0.290  -0.100 -0.249
-0.060 0.364  -0.043 -0.202
-0.273 0.291  -0.078 -0.387
-0.518 0.290  -0.052 -0.681
-0.275 0.250  -0.130 -0.382
-0.518 0.210  -0.153 -0.657
-0.241 0.364  -0.011 -0.367
-0.156 0.350  -0.064 -0.270
-0.155 0.403  0.012 -0.288
-0.092 0.364  -0.052 -0.232
-0.298 0.238  -0.153 -0.426
-0.578 0.285  -0.063 -0.730
-0.431 0.333  -0.015 -0.583
-0.023 0.442  0.011 -0.150
-0.492 0.403  0.054 -0.653
0.018 0.161  -0.290 -0.123
0.015 0.446  0.003 -0.129
-0.410 0.316  -0.038 -0.560
-0.161 0.166  -0.230 -0.278
-0.529 0.341  0.009 -0.710
-0.463 0.364  0.009 -0.604
-0.402 0.393  0.026 -0.538
-0.400 0.166  -0.218 -0.506
-0.379 0.403  0.044 -0.506
-0.256 0.209  -0.170 -0.353
-0.483 0.127  -0.258 -0.591
-0.551 0.250  -0.123 -0.696
0.015 0.324  -0.106 -0.112
0.014 0.365  -0.067 -0.126
-0.495 0.249  -0.110 -0.647
-0.551 0.293  -0.040 -0.699
-0.460 0.391  0.044 -0.600
-0.290 0.360  0.005 -0.430
-0.288 0.341  -0.041 -0.413
-0.032 0.284  -0.155 -0.149
-0.500 0.044  -0.328 -0.566
-0.202 0.199  -0.201 -0.331
-0.100 0.446  0.032 -0.232
-0.569 0.244  -0.127 -0.724
-0.560 0.364  0.031 -0.741
-0.561 0.126  -0.224 -0.683
-0.591 0.333  0.008 -0.759
-0.471 0.196  -0.184 -0.591
-0.480 0.250  -0.133 -0.607
-0.423 0.210  -0.147 -0.557
-0.109 0.169  -0.256 -0.225
-0.561 0.202  -0.178 -0.696
-0.350 0.393  0.014 -0.474
-0.334 0.403  0.018 -0.456
-0.554 0.365  0.021 -0.747
-0.423 0.290  -0.077 -0.551
-0.296 0.209  -0.158 -0.391
-0.551 0.250  -0.100 -0.680
-0.215 0.127  -0.264 -0.307
-0.066 0.446  0.057 -0.215
-0.069 0.445  0.015 -0.215
-0.373 0.365  0.015 -0.538
-0.236 0.268  -0.135 -0.354
-0.011 0.403  -0.034 -0.140
-0.419 0.118  -0.264 -0.520
-0.508 0.376  0.044 -0.672
-0.173 0.322  -0.069 -0.313
-0.453 0.127  -0.253 -0.571
-0.250 0.250  -0.153 -0.357
-0.032 0.181  -0.239 -0.172
-0.380 0.328  -0.049 -0.540
-0.032 0.442  0.014 -0.167
-0.541 0.126  -0.255 -0.655
-0.061 0.403  -0.032 -0.192
-0.098 0.330  -0.072 -0.224
-0.451 0.403  0.057 -0.621
-0.069 0.364  -0.066 -0.189
-0.512 0.291  -0.051 -0.675
-0.549 0.291  -0.046 -0.703
-0.509 0.330  -0.012 -0.664
-0.351 0.322  -0.052 -0.474
-0.020 0.290  -0.135 -0.140
-0.336 0.117  -0.282 -0.423
-0.249 0.287  -0.100 -0.383
-0.031 0.364  -0.069 -0.153
-0.541 0.086  -0.276 -0.635
-0.465 0.250  -0.129 -0.588
-0.112 0.285  -0.114 -0.227
-0.382 0.118  -0.284 -0.456
-0.420 0.169  -0.213 -0.529
-0.423 0.364  -0.003 -0.580
0.008 0.333  -0.087 -0.130
-0.241 0.250  -0.149 -0.351
-0.397 0.370  0.003 -0.543
-0.549 0.127  -0.265 -0.655
-0.508 0.333  -0.005 -0.649
-0.227 0.365  -0.017 -0.342
-0.175 0.166  -0.229 -0.295
-0.336 0.403  0.044 -0.491
-0.508 0.086  -0.276 -0.592
-0.465 0.086  -0.282 -0.549
-0.345 0.086  -0.319 -0.414
-0.061 0.367  -0.069 -0.179
-0.492 0.351  0.000 -0.646
-0.186 0.362  -0.018 -0.314
-0.221 0.126  -0.321 -0.118
-0.224 0.365  -0.078 -0.061
-0.451 0.086  -0.284 -0.549
-0.370 0.324  -0.044 -0.500
-0.078 0.284  -0.144 -0.209
-0.364 0.402  0.060 -0.529
-0.495 0.250  -0.095 -0.643
-0.460 0.086  -0.276 -0.543
-0.508 0.046  -0.321 -0.597
-0.403 0.367  0.014 -0.548
-0.202 0.291  -0.114 -0.324
-0.028 0.209  -0.204 -0.161
-0.179 0.087  -0.316 -0.282
-0.460 0.127  -0.256 -0.569
-0.215 0.287  -0.104 -0.350
-0.336 0.118  -0.275 -0.437
-0.512 0.210  -0.163 -0.657
0.006 0.210  -0.207 -0.138
-0.178 0.334  -0.057 -0.322
-0.491 0.365  0.021 -0.647
-0.511 0.298  -0.051 -0.663
-0.535 0.330  -0.015 -0.689
-0.100 0.364  -0.069 -0.222
-0.442 0.167  -0.202 -0.561
-0.270 0.077  -0.325 -0.357
-0.479 0.327  -0.040 -0.588
-0.034 0.440  -0.005 -0.149
-0.229 0.166  -0.219 -0.348
-0.112 0.403  0.005 -0.232
-0.288 0.374  0.012 -0.420
-0.038 0.127  -0.313 -0.170
0.037 0.244  -0.219 -0.101
-0.333 0.212  -0.161 -0.445
0.015 0.163  -0.284 -0.120
-0.193 0.368  -0.017 -0.313
-0.531 0.207  -0.138 -0.661
-0.233 0.218  -0.189 -0.331
-0.380 0.210  -0.175 -0.486
-0.150 0.201  -0.221 -0.264
-0.531 0.169  -0.202 -0.630
-0.465 0.287  -0.064 -0.589
-0.178 0.446  0.057 -0.313
-0.554 0.207  -0.153 -0.684
-0.417 0.150  -0.209 -0.511
-0.259 0.410  0.057 -0.383
-0.021 0.430  0.003 -0.146
-0.086 0.135  -0.299 -0.193
-0.239 0.410  0.031 -0.351
-0.153 0.293  -0.127 -0.267
-0.092 0.290  -0.118 -0.206
-0.161 0.403  -0.014 -0.290
-0.451 0.086  -0.282 -0.541
-0.216 0.285  -0.094 -0.334
-0.011 0.319  -0.126 -0.140
-0.492 0.244  -0.132 -0.623
-0.492 0.367  0.028 -0.652
-0.107 0.440  0.048 -0.238
-0.502 0.247  -0.112 -0.647
-0.479 0.218  -0.133 -0.607
-0.265 0.089  -0.302 -0.336
-0.138 0.377  -0.017 -0.265
0.017 0.443  0.021 -0.124
-0.095 0.325  -0.092 -0.224
-0.561 0.250  -0.094 -0.693
-0.107 0.445  0.029 -0.250
-0.043 0.127  -0.301 -0.173
-0.337 0.212  -0.192 -0.460
-0.339 0.287  -0.100 -0.471
-0.222 0.377  -0.015 -0.347
-0.008 0.127  -0.296 -0.124
-0.463 0.403  0.064 -0.634
-0.327 0.209  -0.170 -0.431
-0.394 0.250  -0.114 -0.525
-0.423 0.403  0.046 -0.581
-0.063 0.209  -0.202 -0.178
-0.190 0.169  -0.238 -0.287
-0.339 0.287  -0.074 -0.454
-0.278 0.058  -0.327 -0.376
-0.528 0.293  -0.048 -0.690
-0.327 0.325  -0.048 -0.448
-0.558 0.209  -0.160 -0.698
-0.423 0.324  -0.046 -0.566
-0.138 0.199  -0.201 -0.256
-0.463 0.169  -0.189 -0.595
-0.549 0.087  -0.299 -0.638
-0.549 0.169  -0.190 -0.653
-0.511 0.046  -0.311 -0.592
-0.497 0.170  -0.186 -0.609
-0.528 0.371  0.043 -0.701
-0.465 0.166  -0.219 -0.557
-0.295 0.411  0.034 -0.420
-0.598 0.244  -0.117 -0.744
-0.144 0.413  0.031 -0.291
-0.132 0.325  -0.069 -0.262
-0.103 0.250  -0.155 -0.218
-0.298 0.160  -0.252 -0.396
0.018 0.325  -0.118 -0.104
-0.523 0.364  0.028 -0.698
-0.245 0.127  -0.262 -0.359
-0.558 0.373  0.055 -0.738
-0.508 0.334  0.000 -0.650
-0.591 0.373  0.054 -0.779
-0.382 0.247  -0.137 -0.506
-0.350 0.413  0.034 -0.499
-0.253 0.333  -0.066 -0.380
-0.290 0.364  -0.008 -0.422
-0.344 0.291  -0.066 -0.463
0.046 0.290  -0.147 -0.106
-0.572 0.365  0.031 -0.753
-0.393 0.244  -0.137 -0.500
-0.282 0.089  -0.299 -0.364
-0.436 0.334  -0.014 -0.578
0.015 0.445  0.029 -0.112
0.037 0.445  -0.002 -0.081
-0.179 0.086  -0.305 -0.278
-0.006 0.324  -0.114 -0.140
-0.006 0.244  -0.189 -0.140
-0.264 0.408  0.044 -0.426
-0.459 0.207  -0.170 -0.598
-0.387 0.086  -0.281 -0.466
-0.440 0.311  -0.055 -0.592
-0.290 0.167  -0.219 -0.397
-0.390 0.137  -0.229 -0.480
0.026 0.445  0.011 -0.098
-0.236 0.124  -0.284 -0.333
-0.075 0.446  0.055 -0.202
-0.413 0.126  -0.253 -0.518
-0.333 0.403  0.034 -0.492
-0.517 0.083  -0.299 -0.601
-0.502 0.126  -0.267 -0.600
-0.094 0.288  -0.132 -0.222
-0.279 0.285  -0.115 -0.405
-0.146 0.360  -0.029 -0.264
-0.061 0.209  -0.210 -0.173
-0.196 0.364  -0.040 -0.314
-0.522 0.126  -0.233 -0.638
-0.067 0.219  -0.190 -0.198
-0.422 0.130  -0.236 -0.523
-0.232 0.201  -0.202 -0.341
-0.350 0.170  -0.204 -0.449
-0.247 0.284  -0.155 -0.087
-0.115 0.324  -0.089 -0.244
-0.531 0.166  -0.186 -0.667
-0.311 0.331  -0.040 -0.425
-0.423 0.244  -0.114 -0.537
-0.060 0.175  -0.238 -0.175
-0.376 0.250  -0.121 -0.503
-0.109 0.170  -0.219 -0.241
-0.241 0.118  -0.276 -0.341
-0.037 0.365  -0.061 -0.152
-0.202 0.287  -0.100 -0.330
-0.374 0.393  0.031 -0.509
-0.433 0.371  0.032 -0.601
-0.229 0.301  -0.066 -0.351
-0.446 0.403  0.060 -0.598
-0.301 0.288  -0.091 -0.410
-0.515 0.167  -0.204 -0.615
-0.423 0.169  -0.181 -0.532
-0.112 0.414  0.023 -0.250
-0.288 0.209  -0.161 -0.388
-0.078 0.127  -0.278 -0.199
-0.017 0.403  -0.035 -0.138
-0.103 0.325  -0.086 -0.230
-0.529 0.365  0.034 -0.707
-0.031 0.445  0.025 -0.167
-0.449 0.403  0.041 -0.595
-0.078 0.290  -0.138 -0.192
-0.337 0.325  -0.064 -0.457
-0.354 0.127  -0.250 -0.449
-0.244 0.295  -0.075 -0.365
-0.244 0.293  -0.160 -0.095
-0.308 0.403  0.020 -0.426
-0.216 0.374  -0.014 -0.337
-0.491 0.290  -0.054 -0.634
-0.549 0.209  -0.172 -0.680
-0.465 0.325  -0.051 -0.615
0.005 0.209  -0.218 -0.123
-0.069 0.324  -0.075 -0.209
-0.149 0.250  -0.140 -0.281
-0.198 0.405  0.015 -0.313
-0.331 0.351  -0.029 -0.474
-0.453 0.373  0.040 -0.627
-0.400 0.288  -0.086 -0.525
-0.477 0.086  -0.313 -0.545
-0.379 0.250  -0.120 -0.512
-0.436 0.365  -0.003 -0.581
-0.522 0.291  -0.060 -0.686
-0.506 0.127  -0.267 -0.615
-0.299 0.403  0.041 -0.420
-0.465 0.291  -0.078 -0.588
0.018 0.410  -0.008 -0.109
0.014 0.403  -0.043 -0.127
-0.091 0.442  0.035 -0.233
-0.192 0.209  -0.183 -0.310
0.035 0.410  -0.011 -0.100
-0.224 0.209  -0.201 -0.337
-0.411 0.365  0.014 -0.568
-0.186 0.290  -0.114 -0.301
-0.025 0.403  -0.014 -0.172
-0.166 0.127  -0.298 -0.270
-0.411 0.169  -0.189 -0.534
-0.515 0.086  -0.275 -0.630
-0.061 0.244  -0.184 -0.178
-0.103 0.287  -0.120 -0.230
-0.413 0.078  -0.308 -0.474
-0.020 0.210  -0.219 -0.144
-0.130 0.210  -0.201 -0.249
-0.189 0.285  -0.114 -0.322
-0.327 0.221  -0.146 -0.433
-0.249 0.288  -0.126 -0.124
-0.344 0.367  0.014 -0.499
-0.020 0.123  -0.308 -0.149
-0.268 0.331  -0.051 -0.402
-0.433 0.206  -0.170 -0.535
-0.189 0.176  -0.229 -0.298
-0.086 0.403  -0.021 -0.219
-0.060 0.169  -0.264 -0.187
-0.299 0.285  -0.087 -0.425
-0.147 0.219  -0.170 -0.261
-0.063 0.327  -0.094 -0.190
-0.003 0.164  -0.272 -0.141
-0.161 0.330  -0.071 -0.298
-0.451 0.285  -0.071 -0.594
-0.477 0.126  -0.230 -0.580
-0.508 0.210  -0.140 -0.641
-0.511 0.252  -0.110 -0.641
-0.426 0.285  -0.095 -0.541
-0.465 0.287  -0.080 -0.601
-0.423 0.325  -0.049 -0.555
-0.149 0.325  -0.063 -0.261
-0.483 0.250  -0.092 -0.612
-0.380 0.169  -0.221 -0.491
-0.591 0.373  0.055 -0.762
-0.296 0.413  0.055 -0.425
-0.391 0.169  -0.230 -0.494
-0.399 0.365  0.025 -0.546
-0.149 0.291  -0.110 -0.267
-0.015 0.291  -0.140 -0.156
-0.334 0.365  -0.002 -0.482
-0.112 0.365  -0.057 -0.232
-0.571 0.250  -0.103 -0.721
-0.591 0.365  0.026 -0.759
-0.337 0.403  0.058 -0.469
-0.344 0.209  -0.152 -0.454
-0.354 0.078  -0.325 -0.428
-0.436 0.129  -0.255 -0.540
-0.305 0.087  -0.290 -0.394
-0.555 0.252  -0.115 -0.715
-0.296 0.405  0.046 -0.423
-0.149 0.373  -0.012 -0.279
-0.423 0.209  -0.173 -0.548
-0.253 0.169  -0.218 -0.348
-0.152 0.365  -0.026 -0.275
0.025 0.291  -0.152 -0.106
-0.414 0.364  0.020 -0.546
-0.107 0.127  -0.298 -0.213
-0.531 0.330  -0.009 -0.680
-0.380 0.288  -0.081 -0.518
-0.356 0.288  -0.078 -0.477
-0.141 0.288  -0.101 -0.249
-0.374 0.322  -0.032 -0.497
-0.146 0.403  0.012 -0.272
-0.471 0.127  -0.264 -0.569
-0.508 0.086  -0.285 -0.598
-0.382 0.129  -0.232 -0.488
-0.075 0.365  -0.060 -0.209
-0.025 0.239  -0.178 -0.163
-0.279 0.287  -0.089 -0.385
-0.250 0.367  -0.025 -0.365
-0.388 0.084  -0.321 -0.459
-0.546 0.210  -0.146 -0.680
-0.298 0.087  -0.321 -0.387
-0.296 0.087  -0.296 -0.390
-0.025 0.287  -0.144 -0.143
-0.339 0.252  -0.112 -0.456
-0.186 0.327  -0.089 -0.319
-0.419 0.250  -0.124 -0.552
-0.471 0.100  -0.268 -0.548
-0.069 0.089  -0.319 -0.176
-0.348 0.118  -0.290 -0.430
-0.351 0.252  -0.117 -0.465
0.046 0.285  -0.147 -0.086
-0.387 0.126  -0.265 -0.485
-0.101 0.365  -0.046 -0.224
-0.135 0.242  -0.186 -0.245
-0.382 0.118  -0.276 -0.465
-0.459 0.405  0.055 -0.603
-0.548 0.411  0.104 -0.735
-0.215 0.288  -0.098 -0.348
-0.020 0.287  -0.158 -0.138
-0.295 0.324  -0.041 -0.420
-0.147 0.290  -0.114 -0.261
-0.543 0.391  0.055 -0.719
-0.166 0.290  -0.124 -0.291
-0.334 0.247  -0.147 -0.443
-0.356 0.249  -0.140 -0.471
-0.032 0.365  -0.080 -0.155
-0.428 0.281  -0.097 -0.560
-0.431 0.087  -0.299 -0.509
-0.591 0.370  0.069 -0.779
-0.357 0.249  -0.137 -0.469
-0.419 0.167  -0.229 -0.523
-0.397 0.371  0.025 -0.549
-0.129 0.403  -0.008 -0.250
-0.310 0.364  -0.008 -0.446
-0.350 0.290  -0.100 -0.468
0.006 0.207  -0.232 -0.135
-0.308 0.364  -0.011 -0.434
-0.069 0.402  -0.034 -0.181
-0.508 0.207  -0.161 -0.623
-0.265 0.087  -0.308 -0.339
-0.302 0.374  0.011 -0.431
-0.480 0.167  -0.198 -0.601
-0.285 0.127  -0.290 -0.360
-0.430 0.287  -0.095 -0.574
-0.265 0.287  -0.124 -0.391
-0.360 0.210  -0.156 -0.471
-0.011 0.407  -0.043 -0.141
-0.609 0.333  0.015 -0.779
-0.382 0.127  -0.252 -0.462
-0.069 0.179  -0.238 -0.198
-0.296 0.130  -0.264 -0.387
-0.420 0.333  -0.021 -0.546
-0.471 0.100  -0.276 -0.563
-0.515 0.170  -0.204 -0.657
-0.270 0.127  -0.293 -0.357
-0.511 0.127  -0.264 -0.591
-0.176 0.333  -0.077 -0.296
-0.183 0.279  -0.124 -0.296
-0.531 0.284  -0.061 -0.695
-0.423 0.167  -0.207 -0.532
-0.509 0.209  -0.161 -0.644
-0.061 0.445  0.041 -0.206
-0.569 0.365  0.043 -0.761
-0.210 0.324  -0.071 -0.337
-0.049 0.284  -0.150 -0.176
-0.331 0.322  -0.071 -0.440
-0.380 0.167  -0.207 -0.469
-0.110 0.221  -0.183 -0.239
-0.453 0.089  -0.301 -0.538
-0.439 0.405  0.055 -0.600
-0.123 0.262  -0.147 -0.245
-0.190 0.210  -0.192 -0.302
-0.380 0.252  -0.123 -0.514
-0.020 0.325  -0.084 -0.140
-0.233 0.324  -0.051 -0.360
-0.192 0.250  -0.170 -0.308
-0.054 0.365  -0.049 -0.184
-0.492 0.365  0.011 -0.673
-0.265 0.350  -0.028 -0.391
-0.114 0.167  -0.238 -0.229
-0.408 0.209  -0.152 -0.538
-0.032 0.167  -0.255 -0.156
-0.236 0.284  -0.103 -0.348
-0.514 0.169  -0.195 -0.649
-0.245 0.258  -0.149 -0.359
-0.557 0.327  -0.035 -0.713
-0.067 0.244  -0.183 -0.192
-0.253 0.210  -0.184 -0.377
-0.388 0.127  -0.250 -0.474
0.006 0.445  0.020 -0.135
-0.103 0.238  -0.169 -0.224
-0.374 0.127  -0.264 -0.457
-0.480 0.087  -0.281 -0.588
-0.463 0.367  0.009 -0.624
-0.183 0.417  0.034 -0.333
-0.572 0.376  0.057 -0.761
-0.219 0.281  -0.132 -0.342
-0.179 0.167  -0.236 -0.304
-0.087 0.172  -0.275 -0.198
-0.411 0.408  0.054 -0.578
-0.029 0.321  -0.114 -0.164
-0.086 0.167  -0.252 -0.206
-0.067 0.250  -0.172 -0.206
-0.411 0.250  -0.120 -0.529
-0.360 0.210  -0.160 -0.474
-0.350 0.210  -0.181 -0.474
-0.109 0.244  -0.183 -0.238
-0.376 0.408  0.066 -0.520
0.006 0.331  -0.081 -0.135
-0.416 0.331  -0.020 -0.546
-0.380 0.364  -0.015 -0.537
-0.371 0.333  -0.038 -0.509
-0.080 0.207  -0.202 -0.198
-0.571 0.367  0.014 -0.752
-0.021 0.403  -0.018 -0.144
-0.492 0.169  -0.195 -0.620
-0.109 0.238  -0.172 -0.218
-0.025 0.407  -0.014 -0.147
-0.491 0.126  -0.239 -0.595
-0.281 0.403  0.029 -0.417
-0.350 0.169  -0.238 -0.439
-0.465 0.367  0.018 -0.630
0.006 0.250  -0.193 -0.118
-0.281 0.407  0.044 -0.414
-0.204 0.127  -0.275 -0.324
-0.453 0.198  -0.189 -0.563
-0.032 0.407  0.014 -0.176
-0.123 0.126  -0.310 -0.230
-0.321 0.210  -0.201 -0.434
0.018 0.365  -0.078 -0.117
-0.422 0.169  -0.229 -0.534
-0.420 0.324  -0.051 -0.572
-0.509 0.371  0.028 -0.670
-0.129 0.364  -0.017 -0.262
-0.531 0.250  -0.092 -0.690
-0.549 0.291  -0.067 -0.712
-0.509 0.290  -0.077 -0.641
-0.184 0.403  0.025 -0.316
-0.149 0.365  -0.018 -0.275
-0.448 0.086  -0.295 -0.535
-0.195 0.210  -0.195 -0.321
-0.034 0.127  -0.319 -0.161
-0.173 0.405  0.026 -0.305
-0.385 0.333  -0.034 -0.532
-0.549 0.364  0.015 -0.713
-0.380 0.403  0.032 -0.511
-0.170 0.221  -0.183 -0.287
-0.480 0.367  0.021 -0.637
-0.466 0.282  -0.092 -0.603
-0.072 0.244  -0.153 -0.193
-0.186 0.239  -0.172 -0.321
-0.376 0.250  -0.140 -0.517
0.009 0.445  0.009 -0.123
-0.422 0.250  -0.124 -0.565
-0.354 0.403  0.037 -0.494
-0.268 0.365  -0.014 -0.414
-0.394 0.250  -0.126 -0.515
-0.067 0.210  -0.193 -0.198
-0.140 0.445  0.054 -0.287
-0.376 0.362  0.002 -0.523
-0.466 0.249  -0.141 -0.611
0.006 0.365  -0.063 -0.127
-0.494 0.144  -0.241 -0.614
-0.173 0.411  0.025 -0.301
-0.522 0.127  -0.239 -0.632
-0.468 0.325  -0.018 -0.635
-0.387 0.086  -0.287 -0.468
-0.146 0.403  -0.003 -0.279
0.025 0.250  -0.186 -0.118
-0.103 0.333  -0.066 -0.224
-0.293 0.364  -0.009 -0.419
-0.109 0.351  -0.067 -0.235
-0.571 0.288  -0.074 -0.723
-0.201 0.086  -0.313 -0.301
-0.275 0.284  -0.114 -0.385
-0.179 0.250  -0.153 -0.290
-0.416 0.169  -0.207 -0.534
-0.299 0.160  -0.239 -0.402
-0.186 0.169  -0.233 -0.308
-0.337 0.129  -0.262 -0.419
-0.509 0.129  -0.262 -0.604
-0.295 0.284  -0.080 -0.419
-0.199 0.285  -0.107 -0.337
-0.103 0.445  0.054 -0.225
-0.460 0.324  -0.023 -0.624
-0.140 0.364  -0.052 -0.252
-0.055 0.291  -0.153 -0.175
0.025 0.403  -0.020 -0.123
-0.422 0.365  0.017 -0.592
-0.430 0.288  -0.080 -0.583
-0.578 0.291  -0.063 -0.736
-0.348 0.393  0.017 -0.491
-0.147 0.209  -0.201 -0.270
-0.296 0.416  0.055 -0.433
-0.298 0.403  0.026 -0.419
-0.104 0.291  -0.141 -0.222
-0.288 0.364  -0.037 -0.407
-0.434 0.322  -0.037 -0.580
-0.063 0.403  -0.002 -0.183
-0.571 0.322  -0.035 -0.750
-0.509 0.371  0.038 -0.699
-0.178 0.287  -0.115 -0.290
-0.209 0.333  -0.049 -0.350
-0.374 0.403  0.044 -0.537
-0.344 0.086  -0.302 -0.428
-0.063 0.403  -0.023 -0.186
-0.146 0.209  -0.202 -0.270
-0.015 0.325  -0.110 -0.143
-0.017 0.284  -0.170 -0.143
-0.374 0.324  -0.032 -0.511
-0.129 0.250  -0.147 -0.255
-0.492 0.285  -0.095 -0.643
-0.173 0.446  0.067 -0.304
-0.440 0.393  0.034 -0.598
0.006 0.166  -0.264 -0.137
-0.183 0.442  0.058 -0.324
-0.268 0.403  0.025 -0.402
-0.038 0.405  -0.034 -0.183
-0.296 0.373  0.018 -0.439
-0.551 0.365  0.017 -0.735
-0.032 0.127  -0.301 -0.152
-0.146 0.285  -0.132 -0.262
-0.121 0.403  -0.023 -0.247
-0.100 0.169  -0.261 -0.218
-0.202 0.368  -0.028 -0.336
-0.482 0.405  0.063 -0.666
-0.468 0.086  -0.313 -0.534
-0.236 0.086  -0.321 -0.344
-0.262 0.210  -0.195 -0.365
-0.244 0.365  -0.023 -0.380
-0.341 0.114  -0.293 -0.423
-0.397 0.124  -0.275 -0.472
-0.468 0.210  -0.175 -0.581
-0.021 0.446  -0.002 -0.147
-0.529 0.250  -0.110 -0.672
-0.431 0.101  -0.281 -0.528
-0.465 0.334  -0.015 -0.601
-0.468 0.290  -0.072 -0.617
-0.219 0.288  -0.123 -0.327
-0.417 0.209  -0.192 -0.538
0.015 0.209  -0.235 -0.120
-0.020 0.252  -0.184 -0.155
-0.420 0.210  -0.152 -0.534
-0.069 0.325  -0.100 -0.202
-0.374 0.288  -0.071 -0.500
-0.067 0.196  -0.242 -0.196
-0.311 0.252  -0.126 -0.437
-0.509 0.210  -0.178 -0.638
-0.175 0.391  -0.020 -0.310
-0.279 0.364  -0.032 -0.419
-0.189 0.288  -0.126 -0.296
-0.130 0.362  -0.057 -0.256
-0.213 0.127  -0.298 -0.305
-0.048 0.324  -0.126 -0.173
-0.112 0.442  0.044 -0.233
-0.403 0.322  -0.048 -0.541
-0.301 0.216  -0.163 -0.422
-0.221 0.416  0.044 -0.356
-0.492 0.207  -0.167 -0.623
-0.422 0.365  0.000 -0.555
-0.109 0.362  -0.058 -0.236
-0.420 0.364  -0.009 -0.580
-0.465 0.166  -0.229 -0.560
-0.390 0.287  -0.083 -0.529
-0.173 0.365  -0.037 -0.290
-0.284 0.117  -0.296 -0.360
-0.350 0.169  -0.202 -0.442
-0.465 0.169  -0.218 -0.574
-0.141 0.367  -0.063 -0.258
-0.018 0.250  -0.195 -0.137
-0.296 0.416  0.057 -0.453
-0.069 0.290  -0.124 -0.187
-0.374 0.364  -0.008 -0.505
-0.380 0.209  -0.156 -0.479
-0.443 0.086  -0.285 -0.534
-0.245 0.270  -0.143 -0.371
-0.202 0.201  -0.216 -0.321
-0.453 0.209  -0.175 -0.557
-0.439 0.365  0.017 -0.598
0.046 0.245  -0.195 -0.100
-0.143 0.127  -0.285 -0.262
-0.529 0.209  -0.176 -0.664
-0.509 0.209  -0.164 -0.615
-0.508 0.210  -0.161 -0.632
-0.020 0.252  -0.195 -0.135
-0.061 0.252  -0.184 -0.198
-0.060 0.373  -0.064 -0.186
-0.531 0.291  -0.083 -0.690
-0.480 0.322  -0.040 -0.637
-0.296 0.364  -0.040 -0.411
-0.054 0.365  -0.069 -0.169
-0.374 0.169  -0.207 -0.466
-0.561 0.373  0.051 -0.746
-0.241 0.086  -0.319 -0.345
-0.017 0.446  -0.002 -0.156
-0.238 0.166  -0.250 -0.337
-0.091 0.405  -0.008 -0.229
-0.500 0.405  0.058 -0.672
-0.522 0.086  -0.302 -0.621
-0.549 0.252  -0.120 -0.698
-0.551 0.284  -0.091 -0.715
-0.549 0.169  -0.219 -0.655
0.009 0.365  -0.078 -0.126
-0.494 0.127  -0.250 -0.581
-0.549 0.209  -0.176 -0.675
-0.465 0.325  -0.048 -0.626
-0.187 0.419  0.003 -0.310
-0.279 0.291  -0.097 -0.403
-0.032 0.403  -0.034 -0.149
-0.411 0.250  -0.110 -0.540
-0.092 0.129  -0.308 -0.198
-0.453 0.118  -0.284 -0.551
-0.549 0.169  -0.187 -0.686
-0.540 0.291  -0.063 -0.683
-0.282 0.405  0.023 -0.407
-0.558 0.209  -0.155 -0.680
-0.324 0.169  -0.213 -0.407
-0.393 0.210  -0.161 -0.488
-0.179 0.367  -0.032 -0.293
-0.359 0.118  -0.293 -0.428
-0.465 0.086  -0.293 -0.545
-0.333 0.334  -0.032 -0.477
-0.025 0.127  -0.318 -0.144
-0.238 0.118  -0.308 -0.318
-0.126 0.210  -0.215 -0.235
-0.003 0.365  -0.075 -0.124
-0.310 0.322  -0.064 -0.419
-0.219 0.442  0.061 -0.357
-0.207 0.445  0.049 -0.331
-0.531 0.405  0.067 -0.678
-0.463 0.127  -0.239 -0.577
-0.380 0.129  -0.272 -0.456
-0.423 0.325  -0.049 -0.560
-0.508 0.209  -0.172 -0.617
-0.189 0.367  -0.026 -0.313
-0.195 0.252  -0.147 -0.316
-0.249 0.365  -0.008 -0.385
-0.305 0.351  -0.049 -0.419
-0.003 0.322  -0.124 -0.127
-0.084 0.282  -0.158 -0.193
-0.241 0.426  0.055 -0.377
-0.370 0.365  -0.005 -0.518
-0.321 0.127  -0.258 -0.408
-0.002 0.209  -0.218 -0.135
-0.453 0.252  -0.109 -0.595
-0.301 0.129  -0.262 -0.383
-0.538 0.330  -0.018 -0.686
-0.480 0.127  -0.261 -0.575
-0.393 0.285  -0.078 -0.522
-0.480 0.365  -0.003 -0.637
-0.425 0.127  -0.256 -0.517
-0.543 0.209  -0.172 -0.681
-0.103 0.262  -0.155 -0.215
0.015 0.408  -0.044 -0.121
-0.522 0.245  -0.124 -0.646
-0.072 0.291  -0.124 -0.204
-0.109 0.209  -0.219 -0.227
-0.483 0.324  -0.029 -0.623
-0.067 0.127  -0.313 -0.187
-0.457 0.127  -0.270 -0.538
-0.244 0.284  -0.132 -0.371
-0.538 0.373  0.026 -0.713
-0.430 0.405  0.055 -0.591
-0.110 0.209  -0.227 -0.213
-0.189 0.169  -0.252 -0.285
-0.178 0.086  -0.321 -0.285
-0.333 0.252  -0.127 -0.465
-0.152 0.367  -0.035 -0.282
-0.374 0.322  -0.064 -0.508
-0.268 0.127  -0.282 -0.364
-0.032 0.127  -0.314 -0.144
-0.103 0.446  0.057 -0.242
-0.086 0.403  -0.003 -0.206
-0.298 0.321  -0.046 -0.434
-0.100 0.405  -0.037 -0.212
-0.454 0.167  -0.233 -0.551
-0.301 0.360  -0.021 -0.423
-0.555 0.330  0.002 -0.736
-0.425 0.167  -0.236 -0.505
-0.543 0.405  0.057 -0.727
-0.465 0.322  -0.034 -0.626
-0.380 0.291  -0.075 -0.520
-0.425 0.127  -0.282 -0.512
0.006 0.284  -0.169 -0.118
-0.376 0.209  -0.169 -0.491
-0.296 0.086  -0.319 -0.382
-0.549 0.291  -0.063 -0.709
0.009 0.405  -0.035 -0.117
-0.206 0.405  0.000 -0.310
-0.037 0.322  -0.124 -0.153
-0.199 0.117  -0.310 -0.290
-0.239 0.158  -0.255 -0.341
-0.522 0.373  0.026 -0.683
-0.511 0.238  -0.140 -0.617
0.018 0.364  -0.078 -0.123
-0.003 0.291  -0.169 -0.124
-0.293 0.086  -0.321 -0.359
0.009 0.413  -0.021 -0.109
-0.212 0.302  -0.087 -0.325
-0.055 0.362  -0.087 -0.172
-0.058 0.403  -0.032 -0.189
-0.373 0.405  0.046 -0.505
-0.253 0.169  -0.227 -0.353
-0.465 0.127  -0.264 -0.561
-0.522 0.169  -0.195 -0.638
-0.357 0.210  -0.187 -0.453
-0.284 0.324  -0.081 -0.397
-0.118 0.400  -0.011 -0.235
-0.264 0.166  -0.247 -0.351
0.048 0.445  0.014 -0.087
-0.376 0.086  -0.313 -0.437
-0.337 0.160  -0.238 -0.419
-0.357 0.160  -0.253 -0.440
-0.322 0.169  -0.222 -0.411
-0.529 0.210  -0.152 -0.658
-0.244 0.287  -0.172 -0.110
-0.235 0.287  -0.115 -0.359
-0.465 0.405  0.046 -0.620
-0.190 0.318  -0.086 -0.313
-0.423 0.288  -0.075 -0.558
-0.422 0.124  -0.262 -0.517
-0.466 0.086  -0.319 -0.546
-0.552 0.169  -0.209 -0.673
-0.552 0.293  -0.049 -0.716
-0.387 0.209  -0.187 -0.485
0.026 0.445  -0.014 -0.095
-0.561 0.322  -0.038 -0.706
-0.184 0.250  -0.140 -0.287
-0.161 0.127  -0.281 -0.267
-0.049 0.244  -0.199 -0.161
-0.529 0.169  -0.218 -0.650
-0.296 0.287  -0.114 -0.400
-0.067 0.129  -0.308 -0.176
-0.411 0.169  -0.210 -0.514
-0.196 0.445  0.054 -0.342
-0.411 0.291  -0.084 -0.545
-0.591 0.290  -0.063 -0.733
-0.046 0.169  -0.253 -0.167
-0.522 0.210  -0.163 -0.646
-0.020 0.127  -0.321 -0.135
-0.371 0.394  0.012 -0.491
-0.430 0.321  -0.067 -0.541
-0.387 0.239  -0.150 -0.497
-0.296 0.325  -0.049 -0.426
-0.362 0.405  0.046 -0.505
-0.051 0.179  -0.242 -0.179
-0.385 0.272  -0.109 -0.511
-0.238 0.169  -0.249 -0.331
-0.558 0.252  -0.129 -0.683
-0.193 0.284  -0.127 -0.291
-0.097 0.325  -0.095 -0.224
-0.462 0.411  0.064 -0.623
-0.482 0.403  0.064 -0.643
-0.425 0.167  -0.207 -0.514
-0.373 0.127  -0.275 -0.462
-0.112 0.129  -0.301 -0.218
-0.069 0.405  -0.012 -0.193
-0.025 0.445  0.025 -0.153
-0.376 0.143  -0.238 -0.463
-0.002 0.132  -0.313 -0.138
-0.087 0.368  -0.063 -0.204
-0.209 0.364  -0.051 -0.325
-0.469 0.397  0.044 -0.615
-0.348 0.362  -0.002 -0.468
-0.066 0.249  -0.163 -0.199
-0.531 0.209  -0.164 -0.664
-0.394 0.252  -0.120 -0.525
-0.453 0.087  -0.296 -0.528
-0.465 0.373  0.031 -0.624
-0.201 0.086  -0.319 -0.308
-0.531 0.169  -0.195 -0.652
-0.287 0.374  0.011 -0.422
-0.060 0.138  -0.296 -0.189
-0.044 0.405  -0.035 -0.179
-0.549 0.282  -0.083 -0.698
-0.420 0.206  -0.173 -0.540
-0.500 0.169  -0.221 -0.598
-0.146 0.285  -0.138 -0.270
-0.502 0.287  -0.069 -0.655
0.011 0.331  -0.110 -0.114
-0.106 0.249  -0.160 -0.232
0.002 0.209  -0.252 -0.133
-0.143 0.287  -0.126 -0.273
-0.245 0.291  -0.083 -0.365
-0.245 0.249  -0.219 -0.104
-0.091 0.241  -0.175 -0.222
-0.571 0.284  -0.091 -0.723
-0.032 0.285  -0.156 -0.152
-0.067 0.365  -0.074 -0.204
-0.525 0.124  -0.239 -0.615
